100
0 74 71 46 24 58 80 44 79 45 113 53 66 71 51 47 59 83 58 33 94 53 35 56 13 29 31 12 44 23 57 74 108 26 42 67 87 46 101 71 56 56 42 34 69 31 59 33 38 38 60 11 74 97 51 42 22 67 42 111 68 51 14 21 25 26 43 62 58 64 36 28 62 41 41 40 72 29 65 33 39 47 23 80 56 81 80 101 39 44 73 44 52 62 14 39 80 81 81 83
74 0 59 102 92 74 74 118 103 43 61 85 140 29 111 39 75 47 132 95 42 45 103 18 87 57 85 62 52 83 53 98 60 48 78 17 85 86 29 107 28 104 62 108 11 49 31 41 98 46 16 63 60 49 125 58 82 65 116 75 142 63 88 95 55 66 31 62 118 64 110 102 20 83 101 58 58 89 125 83 83 47 97 102 82 93 60 83 113 118 81 118 54 122 74 99 48 41 35 41
71 59 0 43 47 85 15 75 44 54 42 96 81 56 122 24 16 12 77 104 79 56 44 41 60 42 40 67 63 94 64 39 37 47 29 42 26 27 86 48 41 45 29 55 54 40 44 46 109 57 45 64 71 26 66 69 93 6 57 40 83 20 57 64 66 45 28 9 129 75 75 75 39 94 112 69 69 100 136 38 94 58 80 43 93 34 9 30 96 61 22 91 65 133 85 110 65 66 66 68
46 102 43 0 22 86 34 50 33 73 67 81 38 99 97 63 27 55 52 79 122 81 11 84 35 45 17 42 72 69 85 28 62 54 24 85 41 16 129 25 84 10 40 30 97 53 87 61 84 66 88 39 102 53 33 70 68 37 16 65 40 39 32 39 53 36 71 40 104 92 50 50 82 69 87 68 100 75 111 19 69 75 55 34 84 35 42 55 71 36 27 66 80 108 60 85 108 109 109 111
24 92 47 22 0 76 56 28 55 63 89 71 48 89 75 53 35 59 40 57 112 71 11 74 13 35 7 30 62 47 75 50 84 44 18 75 63 22 119 47 74 32 30 16 87 43 77 51 62 56 78 29 92 73 33 60 46 43 24 87 50 29 10 17 43 26 61 38 82 82 28 28 72 59 65 58 90 53 89 9 57 65 33 56 74 57 56 77 49 26 49 44 70 86 38 63 98 99 99 101
58 74 85 86 76 0 94 102 93 31 127 11 124 45 63 61 73 97 116 79 36 29 87 70 71 43 69 46 22 57 21 88 122 38 62 81 101 70 45 91 46 88 56 92 63 45 43 39 50 28 58 47 16 111 109 16 46 81 100 125 126 65 72 79 33 50 57 76 48 10 94 86 76 17 59 18 16 31 51 67 19 27 81 94 8 95 94 115 97 102 87 102 20 48 44 71 26 33 39 33
80 74 15 34 56 94 0 84 29 63 33 105 66 71 131 35 21 27 86 113 94 65 45 56 69 51 49 76 72 103 73 24 28 56 38 57 11 34 101 33 56 30 38 64 69 49 59 55 118 66 60 73 80 25 67 78 102 13 50 31 68 29 66 73 75 54 43 18 138 84 84 84 54 103 121 78 78 109 145 47 103 67 89 28 102 19 14 21 105 70 7 100 74 142 94 119 80 81 81 83
44 118 75 50 28 102 84 0 83 89 117 97 40 115 47 79 63 87 14 29 138 97 39 100 31 61 35 56 88 45 101 78 112 70 46 101 91 50 145 75 100 60 56 20 113 69 103 77 52 82 104 55 118 101 17 86 56 71 34 115 26 55 30 23 69 52 87 66 54 108 8 16 98 85 43 84 116 71 61 37 83 91 21 84 100 85 84 105 21 14 77 16 96 64 58 35 124 125 125 127
79 103 44 33 55 93 29 83 0 74 42 104 43 100 130 64 28 56 85 112 123 82 44 85 68 50 48 75 73 102 86 5 43 55 37 86 18 33 130 8 85 23 41 63 98 54 88 62 117 67 89 72 103 54 66 77 101 38 49 32 57 40 65 72 74 53 72 41 137 93 83 83 83 102 120 77 101 108 144 46 102 76 88 1 101 10 43 22 104 69 22 99 81 141 93 118 109 110 110 112
45 43 54 73 63 31 63 89 74 0 96 42 111 26 68 30 46 66 103 66 49 8 74 39 58 28 56 33 9 44 12 69 91 19 49 50 70 57 56 78 15 75 33 79 32 20 14 12 55 7 27 34 29 80 96 15 39 50 87 94 113 34 59 66 20 37 26 45 75 21 81 73 45 40 58 15 27 46 82 54 40 4 68 73 39 64 63 84 84 89 56 89 11 79 31 58 35 36 36 38
113 61 42 67 89 127 33 117 42 96 0 138 79 82 164 66 54 30 119 146 95 98 78 57 102 84 82 109 105 136 106 39 5 89 71 46 26 67 88 46 81 57 71 97 64 82 84 88 151 99 69 106 113 16 100 111 135 46 83 14 91 62 99 106 108 87 70 51 171 117 117 117 51 136 154 111 111 142 178 80 136 100 122 41 135 32 33 22 138 103 40 133 107 175 127 152 101 94 88 94
53 85 96 81 71 11 105 97 104 42 138 0 119 56 58 72 84 108 111 74 43 40 82 81 66 54 64 41 33 52 32 99 133 49 67 92 112 71 56 96 57 83 67 87 74 56 54 50 45 39 69 42 25 122 104 27 41 92 95 136 121 76 67 74 30 51 68 87 43 21 89 81 87 12 54 27 27 26 40 62 14 38 76 105 3 106 105 126 92 97 98 97 31 37 39 66 37 44 50 44
66 140 81 38 48 124 66 40 43 111 79 119 0 137 87 101 65 93 42 69 160 119 37 122 53 83 55 78 110 67 123 42 80 92 62 123 55 54 167 35 122 36 78 32 135 91 125 99 74 104 126 77 140 91 23 108 78 75 24 75 14 77 52 45 91 74 109 78 94 130 40 40 120 107 77 106 138 93 101 57 105 113 45 44 122 47 80 65 61 26 59 56 118 98 80 75 146 147 147 149
71 29 56 99 89 45 71 115 100 26 82 56 137 0 82 36 72 52 129 92 23 18 100 25 84 54 82 59 27 70 24 95 77 45 75 36 82 83 30 104 15 101 59 105 18 46 12 38 69 33 13 60 31 66 122 29 59 62 113 80 139 60 85 92 46 63 28 59 89 35 107 99 31 54 72 31 29 60 96 80 54 24 94 99 53 90 57 80 110 115 78 115 25 93 57 84 19 12 10 12
51 111 122 97 75 63 131 47 130 68 164 58 87 82 0 98 110 134 53 18 99 66 86 107 62 80 82 55 59 28 62 125 159 75 93 118 138 97 106 122 83 107 93 67 100 82 80 76 13 65 95 58 79 148 64 53 29 118 81 162 73 102 65 58 56 77 94 113 15 69 47 47 113 46 10 53 77 32 22 84 44 64 42 131 61 132 131 152 34 61 124 39 57 25 37 12 85 86 86 88
47 39 24 63 53 61 35 79 64 30 66 72 101 36 98 0 36 36 93 80 59 32 64 21 48 18 46 43 39 70 40 59 61 23 39 22 46 47 66 68 21 65 23 69 34 16 24 22 85 33 25 40 47 50 86 45 69 26 77 64 103 24 49 56 42 27 8 23 105 51 71 63 19 70 88 45 45 76 112 44 70 34 58 63 69 54 33 54 74 79 42 79 41 109 61 86 45 46 46 48
59 75 16 27 35 73 21 63 28 46 54 84 65 72 110 36 0 28 65 92 95 54 28 57 48 30 28 55 51 82 58 23 49 35 17 58 28 13 102 32 57 29 17 43 70 28 60 34 97 45 61 52 75 38 50 57 81 10 41 52 67 12 45 52 54 33 44 13 117 65 63 63 55 82 100 57 73 88 124 26 82 48 68 27 81 22 21 42 84 49 14 79 53 121 73 98 81 82 82 84
83 47 12 55 59 97 27 87 56 66 30 108 93 52 134 36 28 0 89 116 67 68 56 29 72 54 52 79 75 106 76 51 25 59 41 30 38 39 74 60 51 57 41 67 42 52 54 58 121 69 39 76 83 14 78 81 105 18 69 28 95 32 69 76 78 57 40 21 141 87 87 87 27 106 124 81 81 112 148 50 106 70 92 55 105 46 13 36 108 73 34 103 77 145 97 122 71 64 58 64
58 132 77 52 40 116 86 14 85 103 119 111 42 129 53 93 65 89 0 37 152 111 41 114 45 75 47 70 102 59 115 80 114 84 54 115 93 52 159 77 114 62 70 24 127 83 117 91 66 96 118 69 132 103 19 100 70 73 36 117 28 69 44 37 83 66 101 70 68 122 22 30 112 99 57 98 130 85 75 49 97 105 35 86 114 87 86 107 19 16 79 14 110 78 72 45 138 139 139 141
33 95 104 79 57 79 113 29 112 66 146 74 69 92 18 80 92 116 37 0 115 74 68 89 44 62 64 37 65 22 78 107 141 57 75 100 120 79 122 104 77 89 75 49 90 64 80 58 29 59 81 40 95 130 46 63 33 100 63 144 55 84 47 40 46 59 76 95 31 85 29 29 95 62 20 61 93 48 38 66 60 68 24 113 77 114 113 134 18 43 106 23 73 41 35 8 101 102 102 104
94 42 79 122 112 36 94 138 123 49 95 43 160 23 99 59 95 67 152 115 0 41 123 38 107 77 105 82 50 93 37 118 90 68 98 49 105 106 13 127 38 124 82 128 31 69 35 61 86 56 34 83 20 79 145 52 82 85 136 95 162 83 108 115 69 86 51 82 84 30 130 122 44 53 95 54 22 67 83 103 55 47 117 122 40 113 80 103 133 138 101 138 42 80 80 107 14 13 13 11
53 45 56 81 71 29 65 97 82 8 98 40 119 18 66 32 54 68 111 74 41 0 82 41 66 36 64 41 9 52 8 77 93 27 57 52 72 65 48 86 17 83 41 87 34 28 14 20 53 15 29 42 21 82 104 13 41 52 95 96 121 42 67 74 28 45 28 47 73 19 89 81 47 38 56 13 19 44 80 62 38 6 76 81 37 72 65 86 92 97 60 97 9 77 39 66 27 28 28 30
35 103 44 11 11 87 45 39 44 74 78 82 37 100 86 64 28 56 41 68 123 82 0 85 24 46 18 41 73 58 86 39 73 55 25 86 52 17 130 36 85 21 41 19 98 54 88 62 73 67 89 40 103 62 22 71 57 38 13 76 39 40 21 28 54 37 72 41 93 93 39 39 83 70 76 69 101 64 100 20 68 76 44 45 85 46 45 66 60 25 38 55 81 97 49 74 109 110 110 112
56 18 41 84 74 70 56 100 85 39 57 81 122 25 107 21 57 29 114 89 38 41 85 0 69 39 67 52 48 79 49 80 52 32 60 11 67 68 45 89 24 86 44 90 13 31 27 31 94 42 12 49 56 41 107 54 78 47 98 57 124 45 70 77 51 48 13 44 114 60 92 84 6 79 97 54 54 85 121 65 79 43 79 84 78 75 42 65 95 100 63 100 50 118 70 95 44 37 31 37
13 87 60 35 13 71 69 31 68 58 102 66 53 84 62 48 48 72 45 44 107 66 24 69 0 30 20 25 57 34 70 63 97 39 31 70 76 35 114 60 69 45 31 21 82 38 72 46 49 51 73 24 87 86 38 55 33 56 29 100 55 40 3 8 38 21 56 51 69 77 23 15 67 54 52 53 85 40 76 22 52 60 20 69 69 70 69 90 36 31 62 31 65 73 27 50 93 94 94 96
29 57 42 45 35 43 51 61 50 28 84 54 83 54 80 18 30 54 75 62 77 36 46 39 30 0 28 25 27 52 40 45 79 9 21 40 58 29 84 50 39 47 13 51 52 8 42 16 67 21 43 22 57 68 68 27 51 38 59 82 85 22 31 38 24 9 26 33 87 47 53 45 37 52 70 27 55 58 94 26 52 30 40 51 51 52 51 72 56 61 44 61 35 91 43 68 63 64 64 66
31 85 40 17 7 69 49 35 48 56 82 64 55 82 82 46 28 52 47 64 105 64 18 67 20 28 0 27 55 54 68 43 77 37 11 68 56 15 112 40 67 25 23 23 80 36 70 44 69 49 71 24 85 66 40 53 53 36 31 80 57 22 17 24 36 19 54 31 89 75 35 35 65 54 72 51 83 60 96 2 54 58 40 49 67 50 49 70 56 33 42 51 63 93 45 70 91 92 92 94
12 62 67 42 30 46 76 56 75 33 109 41 78 59 55 43 55 79 70 37 82 41 41 52 25 25 27 0 32 27 45 70 104 20 38 63 83 42 89 67 44 52 38 46 57 27 47 21 42 26 48 3 62 93 63 30 26 63 54 107 80 47 26 33 13 22 39 58 62 52 48 40 58 29 45 28 60 33 69 29 27 35 35 76 44 77 76 97 51 56 69 56 40 66 18 43 68 69 69 71
44 52 63 72 62 22 72 88 73 9 105 33 110 27 59 39 51 75 102 65 50 9 73 48 57 27 55 32 0 43 13 68 100 18 48 59 79 56 57 77 24 74 34 78 41 23 21 17 46 6 36 33 30 89 95 6 32 59 86 103 112 43 58 65 19 36 35 54 66 20 80 72 54 31 49 6 28 37 73 53 31 5 67 72 30 73 72 93 83 88 65 88 8 70 30 57 36 37 37 39
23 83 94 69 47 57 103 45 102 44 136 52 67 70 28 70 82 106 59 22 93 52 58 79 34 52 54 27 43 0 56 97 131 47 65 90 110 69 100 94 55 79 65 39 72 54 58 48 15 37 67 30 73 120 52 41 11 90 53 134 69 74 37 30 28 49 66 85 35 63 37 29 85 40 18 39 71 26 42 56 38 46 24 103 55 104 103 124 40 45 96 45 51 39 13 16 79 80 80 82
57 53 64 85 75 21 73 101 86 12 106 32 123 24 62 40 58 76 115 78 37 8 86 49 70 40 68 45 13 56 0 81 101 31 61 60 80 69 44 90 25 87 45 91 42 32 22 24 49 19 37 46 17 90 108 15 45 60 99 104 125 46 71 78 32 49 36 55 65 11 93 85 55 30 58 17 15 36 72 66 30 10 80 85 29 76 73 94 96 101 66 101 5 69 43 70 23 24 24 26
74 98 39 28 50 88 24 78 5 69 39 99 42 95 125 59 23 51 80 107 118 77 39 80 63 45 43 70 68 97 81 0 38 50 32 81 13 28 125 9 80 18 36 58 93 49 83 57 112 62 84 67 98 49 61 72 96 33 44 37 52 35 60 67 69 48 67 36 132 88 78 78 78 97 115 72 96 103 139 41 97 71 83 6 96 7 38 27 99 64 17 94 76 136 88 113 104 105 105 107
108 60 37 62 84 122 28 112 43 91 5 133 80 77 159 61 49 25 114 141 90 93 73 52 97 79 77 104 100 131 101 38 0 84 66 43 25 62 87 47 76 52 66 92 59 77 79 83 146 94 64 101 108 11 95 106 130 41 78 15 86 57 94 101 103 82 65 46 166 112 112 112 46 131 149 106 106 137 173 75 131 95 117 42 130 33 28 23 133 98 35 128 102 170 122 147 96 89 83 89
26 48 47 54 44 38 56 70 55 19 89 49 92 45 75 23 35 59 84 57 68 27 55 32 39 9 37 20 18 47 31 50 84 0 30 43 63 38 75 59 30 56 18 60 43 7 33 7 62 12 34 17 48 73 77 22 46 43 68 87 94 27 40 47 19 18 19 38 82 38 62 54 38 47 65 22 46 53 89 35 47 21 49 56 46 57 56 77 65 70 49 70 26 86 38 63 54 55 55 57
42 78 29 24 18 62 38 46 37 49 71 67 62 75 93 39 17 41 54 75 98 57 25 60 31 21 11 38 48 65 61 32 66 30 0 61 45 8 105 29 60 26 16 30 73 29 63 37 80 42 64 35 78 55 47 46 64 25 38 69 64 15 28 35 37 16 47 20 100 68 46 46 58 65 83 44 76 71 107 9 65 51 51 38 64 39 38 59 67 40 31 62 56 104 56 81 84 85 85 87
67 17 42 85 75 81 57 101 86 50 46 92 123 36 118 22 58 30 115 100 49 52 86 11 70 40 68 63 59 90 60 81 43 43 61 0 68 69 44 90 35 87 45 91 18 36 38 42 105 53 23 60 67 32 108 65 89 48 99 58 125 46 71 78 62 49 24 45 125 71 93 85 5 90 108 65 65 96 132 66 90 54 80 85 89 76 43 66 96 101 64 101 61 129 81 106 55 48 42 48
87 85 26 41 63 101 11 91 18 70 26 112 55 82 138 46 28 38 93 120 105 72 52 67 76 58 56 83 79 110 80 13 25 63 45 68 0 41 112 22 67 31 45 71 80 56 70 62 125 73 71 80 87 36 74 85 109 20 57 24 65 36 73 80 82 61 54 25 145 91 91 91 65 110 128 85 85 116 152 54 110 74 96 17 109 8 25 14 112 77 14 107 81 149 101 126 91 92 92 94
46 86 27 16 22 70 34 50 33 57 67 71 54 83 97 47 13 39 52 79 106 65 17 68 35 29 15 42 56 69 69 28 62 38 8 69 41 0 113 25 68 18 24 30 81 37 71 45 84 50 72 39 86 51 39 54 68 21 30 65 56 23 32 39 41 20 55 24 104 76 50 50 66 69 87 52 84 75 111 13 69 59 55 34 68 35 34 55 71 36 27 66 64 108 60 85 92 93 93 95
101 29 86 129 119 45 101 145 130 56 88 56 167 30 106 66 102 74 159 122 13 48 130 45 114 84 112 89 57 100 44 125 87 75 105 44 112 113 0 134 45 131 89 135 32 76 42 68 93 63 41 90 31 76 152 59 89 92 143 102 169 90 115 122 76 93 58 89 91 37 137 129 47 60 102 61 29 74 96 110 62 54 124 129 53 120 87 110 140 145 108 145 49 93 87 114 21 20 20 18
71 107 48 25 47 91 33 75 8 78 46 96 35 104 122 68 32 60 77 104 127 86 36 89 60 50 40 67 77 94 90 9 47 59 29 90 22 25 134 0 89 15 45 55 102 58 92 66 109 71 93 64 107 58 58 75 93 42 41 40 49 44 57 64 66 45 76 45 129 97 75 75 87 94 112 73 105 100 136 38 94 80 80 9 93 14 47 30 96 61 26 91 85 133 85 110 113 114 114 116
56 28 41 84 74 46 56 100 85 15 81 57 122 15 83 21 57 51 114 77 38 17 85 24 69 39 67 44 24 55 25 80 76 30 60 35 67 68 45 89 0 86 44 90 17 31 3 23 70 18 12 45 32 65 107 30 54 47 98 79 124 45 70 77 31 48 13 44 90 36 92 84 30 55 73 30 30 61 97 65 55 19 79 84 54 75 48 69 95 100 63 100 26 94 46 71 24 25 25 27
56 104 45 10 32 88 30 60 23 75 57 83 36 101 107 65 29 57 62 89 124 83 21 86 45 47 25 52 74 79 87 18 52 56 26 87 31 18 131 15 86 0 42 40 99 55 89 63 94 68 90 49 104 55 43 72 78 39 26 55 38 41 42 49 55 38 73 42 114 94 60 60 84 79 97 70 102 85 121 23 79 77 65 24 86 25 44 45 81 46 23 76 82 118 70 95 110 111 111 113
42 62 29 40 30 56 38 56 41 33 71 67 78 59 93 23 17 41 70 75 82 41 41 44 31 13 23 38 34 65 45 36 66 18 16 45 45 24 89 45 44 42 0 46 57 13 47 21 80 28 48 35 62 55 63 40 64 25 54 69 80 9 28 35 37 16 31 20 100 52 48 46 42 65 83 40 60 71 107 21 65 35 51 40 64 39 38 59 67 56 31 62 40 104 56 81 68 69 69 71
34 108 55 30 16 92 64 20 63 79 97 87 32 105 67 69 43 67 24 49 128 87 19 90 21 51 23 46 78 39 91 58 92 60 30 91 71 30 135 55 90 40 46 0 103 59 93 67 54 72 94 45 108 81 17 76 46 51 14 95 34 45 20 13 59 42 77 46 74 98 20 20 88 75 57 74 106 61 81 25 73 81 25 64 90 65 64 85 41 10 57 36 86 78 48 55 114 115 115 117
69 11 54 97 87 63 69 113 98 32 64 74 135 18 100 34 70 42 127 90 31 34 98 13 82 52 80 57 41 72 42 93 59 43 73 18 80 81 32 102 17 99 57 103 0 44 20 36 87 35 9 58 49 48 120 47 71 60 111 70 137 58 83 90 44 61 26 57 107 53 105 97 15 72 90 47 47 78 114 78 72 36 92 97 71 88 55 78 108 113 76 113 43 111 63 88 37 30 24 30
31 49 40 53 43 45 49 69 54 20 82 56 91 46 82 16 28 52 83 64 69 28 54 31 38 8 36 27 23 54 32 49 77 7 29 36 56 37 76 58 31 55 13 59 44 0 34 8 69 17 35 24 49 66 76 29 53 36 67 80 93 20 39 46 26 17 18 31 89 39 61 53 31 54 72 29 47 60 96 34 54 22 48 53 53 50 49 70 64 69 42 69 27 93 45 70 55 56 56 58
59 31 44 87 77 43 59 103 88 14 84 54 125 12 80 24 60 54 117 80 35 14 88 27 72 42 70 47 21 58 22 83 79 33 63 38 70 71 42 92 3 89 47 93 20 34 0 26 67 21 15 48 29 68 110 27 51 50 101 82 127 48 73 80 34 51 16 47 87 33 95 87 33 52 70 27 27 58 94 68 52 16 82 87 51 78 51 72 98 103 66 103 23 91 45 72 21 22 22 24
33 41 46 61 51 39 55 77 62 12 88 50 99 38 76 22 34 58 91 58 61 20 62 31 46 16 44 21 17 48 24 57 83 7 37 42 62 45 68 66 23 63 21 67 36 8 26 0 63 11 27 22 41 72 84 23 47 42 75 86 101 26 47 54 20 25 18 37 83 31 69 61 37 48 66 23 39 54 90 42 48 14 56 61 47 56 55 76 72 77 48 77 19 87 39 64 47 48 48 50
38 98 109 84 62 50 118 52 117 55 151 45 74 69 13 85 97 121 66 29 86 53 73 94 49 67 69 42 46 15 49 112 146 62 80 105 125 84 93 109 70 94 80 54 87 69 67 63 0 52 82 45 66 135 59 40 16 105 68 149 76 89 52 45 43 64 81 100 20 56 44 36 100 33 9 40 64 19 27 71 31 51 31 118 48 119 118 139 47 52 111 52 44 24 24 21 72 73 73 75
38 46 57 66 56 28 66 82 67 7 99 39 104 33 65 33 45 69 96 59 56 15 67 42 51 21 49 26 6 37 19 62 94 12 42 53 73 50 63 71 18 68 28 72 35 17 21 11 52 0 30 27 36 83 89 12 36 53 80 97 106 37 52 59 13 30 29 48 72 26 74 66 48 37 55 12 34 43 79 47 37 9 61 66 36 67 66 87 77 82 59 82 14 76 28 53 42 43 43 45
60 16 45 88 78 58 60 104 89 27 69 69 126 13 95 25 61 39 118 81 34 29 89 12 73 43 71 48 36 67 37 84 64 34 64 23 71 72 41 93 12 90 48 94 9 35 15 27 82 30 0 49 44 53 111 42 66 51 102 67 128 49 74 81 39 52 17 48 102 48 96 88 18 67 85 42 42 73 109 69 67 31 83 88 66 79 46 69 99 104 67 104 38 106 58 83 32 25 21 25
11 63 64 39 29 47 73 55 72 34 106 42 77 60 58 40 52 76 69 40 83 42 40 49 24 22 24 3 33 30 46 67 101 17 35 60 80 39 90 64 45 49 35 45 58 24 48 22 45 27 49 0 63 90 62 31 29 60 53 104 79 44 25 32 14 19 36 55 65 53 47 39 55 30 48 29 61 36 72 26 30 36 34 73 45 74 73 94 50 55 66 55 41 69 21 46 69 70 70 72
74 60 71 102 92 16 80 118 103 29 113 25 140 31 79 47 75 83 132 95 20 21 103 56 87 57 85 62 30 73 17 98 108 48 78 67 87 86 31 107 32 104 62 108 49 49 29 41 66 36 44 63 0 97 125 32 62 67 116 111 142 63 88 95 49 66 43 62 64 10 110 102 62 33 75 34 2 47 65 83 35 27 97 102 22 93 80 101 113 118 81 118 22 62 60 87 12 19 25 19
97 49 26 53 73 111 25 101 54 80 16 122 91 66 148 50 38 14 103 130 79 82 62 41 86 68 66 93 89 120 90 49 11 73 55 32 36 51 76 58 65 55 55 81 48 66 68 72 135 83 53 90 97 0 84 95 119 30 67 26 93 46 83 90 92 71 54 35 155 101 101 101 35 120 138 95 95 126 162 64 120 84 106 53 119 44 17 34 122 87 32 117 91 159 111 136 85 78 72 78
51 125 66 33 33 109 67 17 66 96 100 104 23 122 64 86 50 78 19 46 145 104 22 107 38 68 40 63 95 52 108 61 95 77 47 108 74 39 152 58 107 43 63 17 120 76 110 84 59 89 111 62 125 84 0 93 63 60 17 98 17 62 37 30 76 59 94 63 71 115 17 23 105 92 54 91 123 78 78 42 90 98 28 67 107 68 67 88 38 7 60 33 103 75 65 52 131 132 132 134
42 58 69 70 60 16 78 86 77 15 111 27 108 29 53 45 57 81 100 63 52 13 71 54 55 27 53 30 6 41 15 72 106 22 46 65 85 54 59 75 30 72 40 76 47 29 27 23 40 12 42 31 32 95 93 0 30 65 84 109 110 49 56 63 17 34 41 60 60 22 78 70 60 25 43 2 30 31 67 51 25 11 65 78 24 79 78 99 81 86 71 86 10 64 28 55 38 39 39 41
22 82 93 68 46 46 102 56 101 39 135 41 78 59 29 69 81 105 70 33 82 41 57 78 33 51 53 26 32 11 45 96 130 46 64 89 109 68 89 93 54 78 64 46 71 53 51 47 16 36 66 29 62 119 63 30 0 89 54 133 80 73 36 33 27 48 65 84 36 52 48 40 84 29 19 28 60 15 43 55 27 35 35 102 44 103 102 123 51 56 95 56 40 40 8 25 68 69 69 71
67 65 6 37 43 81 13 71 38 50 46 92 75 62 118 26 10 18 73 100 85 52 38 47 56 38 36 63 59 90 60 33 41 43 25 48 20 21 92 42 47 39 25 51 60 36 50 42 105 53 51 60 67 30 60 65 89 0 51 44 77 16 53 60 62 41 34 5 125 71 71 71 45 90 108 65 65 96 132 34 90 54 76 37 89 28 13 34 92 57 16 87 61 129 81 106 71 72 72 74
42 116 57 16 24 100 50 34 49 87 83 95 24 113 81 77 41 69 36 63 136 95 13 98 29 59 31 54 86 53 99 44 78 68 38 99 57 30 143 41 98 26 54 14 111 67 101 75 68 80 102 53 116 67 17 84 54 51 0 81 26 53 28 23 67 50 85 54 88 106 34 34 96 83 71 82 114 69 95 33 81 89 39 50 98 51 56 71 55 20 43 50 94 92 56 69 122 123 123 125
111 75 40 65 87 125 31 115 32 94 14 136 75 80 162 64 52 28 117 144 95 96 76 57 100 82 80 107 103 134 104 37 15 87 69 58 24 65 102 40 79 55 69 95 70 80 82 86 149 97 67 104 111 26 98 109 133 44 81 0 89 60 97 104 106 85 68 49 169 115 115 115 55 134 152 109 109 140 176 78 134 98 120 31 133 30 31 10 136 101 38 131 105 173 125 150 99 92 86 92
68 142 83 40 50 126 68 26 57 113 91 121 14 139 73 103 67 95 28 55 162 121 39 124 55 85 57 80 112 69 125 52 86 94 64 125 65 56 169 49 124 38 80 34 137 93 127 101 76 106 128 79 142 93 17 110 80 77 26 89 0 79 54 47 93 76 111 80 80 132 32 40 122 109 67 108 140 95 87 59 107 115 45 58 124 59 82 79 47 24 61 42 120 88 82 61 148 149 149 151
51 63 20 39 29 65 29 55 40 34 62 76 77 60 102 24 12 32 69 84 83 42 40 45 40 22 22 47 43 74 46 35 57 27 15 46 36 23 90 44 45 41 9 45 58 20 48 26 89 37 49 44 63 46 62 49 73 16 53 60 79 0 37 44 46 25 32 11 109 55 55 55 43 74 92 49 61 80 116 20 74 38 60 39 73 30 29 50 76 55 22 71 45 113 65 90 69 70 70 72
14 88 57 32 10 72 66 30 65 59 99 67 52 85 65 49 45 69 44 47 108 67 21 70 3 31 17 26 58 37 71 60 94 40 28 71 73 32 115 57 70 42 28 20 83 39 73 47 52 52 74 25 88 83 37 56 36 53 28 97 54 37 0 7 39 22 57 48 72 78 22 18 68 55 55 54 86 43 79 19 53 61 23 66 70 67 66 87 39 30 59 34 66 76 28 53 94 95 95 97
21 95 64 39 17 79 73 23 72 66 106 74 45 92 58 56 52 76 37 40 115 74 28 77 8 38 24 33 65 30 78 67 101 47 35 78 80 39 122 64 77 49 35 13 90 46 80 54 45 59 81 32 95 90 30 63 33 60 23 104 47 44 7 0 46 29 64 55 65 85 15 11 75 62 48 61 93 48 72 26 60 68 16 73 77 74 73 94 32 23 66 27 73 69 35 46 101 102 102 104
25 55 66 53 43 33 75 69 74 20 108 30 91 46 56 42 54 78 83 46 69 28 54 51 38 24 36 13 19 28 32 69 103 19 37 62 82 41 76 66 31 55 37 59 44 26 34 20 43 13 39 14 49 92 76 17 27 62 67 106 93 46 39 46 0 21 38 57 63 39 61 53 57 28 46 15 47 34 70 34 28 22 48 75 31 76 75 96 64 69 68 69 27 67 19 44 55 56 56 58
26 66 45 36 26 50 54 52 53 37 87 51 74 63 77 27 33 57 66 59 86 45 37 48 21 9 19 22 36 49 49 48 82 18 16 49 61 20 93 45 48 38 16 42 61 17 51 25 64 30 52 19 66 71 59 34 48 41 50 85 76 25 22 29 21 0 35 36 84 56 44 36 46 49 67 32 64 55 91 17 49 39 35 54 48 55 54 75 51 52 47 52 44 88 40 65 72 73 73 75
43 31 28 71 61 57 43 87 72 26 70 68 109 28 94 8 44 40 101 76 51 28 72 13 56 26 54 39 35 66 36 67 65 19 47 24 54 55 58 76 13 73 31 77 26 18 16 18 81 29 17 36 43 54 94 41 65 34 85 68 111 32 57 64 38 35 0 31 101 47 79 71 19 66 84 41 41 72 108 52 66 30 66 71 65 62 37 58 82 87 50 87 37 105 57 82 37 38 38 40
62 62 9 40 38 76 18 66 41 45 51 87 78 59 113 23 13 21 70 95 82 47 41 44 51 33 31 58 54 85 55 36 46 38 20 45 25 24 89 45 44 42 20 46 57 31 47 37 100 48 48 55 62 35 63 60 84 5 54 49 80 11 48 55 57 36 31 0 120 66 66 66 42 85 103 60 60 91 127 29 85 49 71 40 84 31 18 39 87 56 19 82 56 124 76 101 68 69 69 71
58 118 129 104 82 48 138 54 137 75 171 43 94 89 15 105 117 141 68 31 84 73 93 114 69 87 89 62 66 35 65 132 166 82 100 125 145 104 91 129 90 114 100 74 107 89 87 83 20 72 102 65 64 155 71 60 36 125 88 169 80 109 72 65 63 84 101 120 0 54 54 54 120 35 17 60 62 29 7 91 35 71 49 138 46 139 138 159 49 68 131 54 64 10 44 23 70 77 83 77
64 64 75 92 82 10 84 108 93 21 117 21 130 35 69 51 65 87 122 85 30 19 93 60 77 47 75 52 20 63 11 88 112 38 68 71 91 76 37 97 36 94 52 98 53 39 33 31 56 26 48 53 10 101 115 22 52 71 106 115 132 55 78 85 39 56 47 66 54 0 100 92 66 23 65 24 8 37 61 73 25 17 87 92 18 85 84 105 103 108 77 108 12 58 50 77 16 23 29 23
36 110 75 50 28 94 84 8 83 81 117 89 40 107 47 71 63 87 22 29 130 89 39 92 23 53 35 48 80 37 93 78 112 62 46 93 91 50 137 75 92 60 48 20 105 61 95 69 44 74 96 47 110 101 17 78 48 71 34 115 32 55 22 15 61 44 79 66 54 100 0 8 90 77 37 76 108 63 61 37 75 83 13 84 92 85 84 105 21 14 77 16 88 58 50 35 116 117 117 119
28 102 75 50 28 86 84 16 83 73 117 81 40 99 47 63 63 87 30 29 122 81 39 84 15 45 35 40 72 29 85 78 112 54 46 85 91 50 129 75 84 60 46 20 97 53 87 61 36 66 88 39 102 101 23 70 40 71 34 115 40 55 18 11 53 36 71 66 54 92 8 0 82 69 37 68 100 55 61 37 67 75 5 84 84 85 84 105 21 16 77 16 80 58 42 35 108 109 109 111
62 20 39 82 72 76 54 98 83 45 51 87 120 31 113 19 55 27 112 95 44 47 83 6 67 37 65 58 54 85 55 78 46 38 58 5 65 66 47 87 30 84 42 88 15 31 33 37 100 48 18 55 62 35 105 60 84 45 96 55 122 43 68 75 57 46 19 42 120 66 90 82 0 85 103 60 60 91 127 63 85 49 77 82 84 73 40 63 93 98 61 98 56 124 76 101 50 43 37 43
41 83 94 69 59 17 103 85 102 40 136 12 107 54 46 70 82 106 99 62 53 38 70 79 54 52 54 29 31 40 30 97 131 47 65 90 110 69 60 94 55 79 65 75 72 54 52 48 33 37 67 30 33 120 92 25 29 90 83 134 109 74 55 62 28 49 66 85 35 23 77 69 85 0 42 25 31 14 42 56 2 36 64 103 15 104 103 124 80 85 96 85 29 39 27 54 39 42 48 42
41 101 112 87 65 59 121 43 120 58 154 54 77 72 10 88 100 124 57 20 95 56 76 97 52 70 72 45 49 18 58 115 149 65 83 108 128 87 102 112 73 97 83 57 90 72 70 66 9 55 85 48 75 138 54 43 19 108 71 152 67 92 55 48 46 67 84 103 17 65 37 37 103 42 0 43 73 28 24 74 40 54 32 121 57 122 121 142 38 51 114 43 53 21 27 12 81 82 82 84
40 58 69 68 58 18 78 84 77 15 111 27 106 31 53 45 57 81 98 61 54 13 69 54 53 27 51 28 6 39 17 72 106 22 44 65 85 52 61 73 30 70 40 74 47 29 27 23 40 12 42 29 34 95 91 2 28 65 82 109 108 49 54 61 15 32 41 60 60 24 76 68 60 25 43 0 32 31 67 49 25 11 63 78 24 79 78 99 79 84 71 84 12 64 26 53 40 41 41 43
72 58 69 100 90 16 78 116 101 27 111 27 138 29 77 45 73 81 130 93 22 19 101 54 85 55 83 60 28 71 15 96 106 46 76 65 85 84 29 105 30 102 60 106 47 47 27 39 64 34 42 61 2 95 123 30 60 65 114 109 140 61 86 93 47 64 41 60 62 8 108 100 60 31 73 32 0 45 67 81 33 25 95 100 24 91 78 99 111 116 79 116 20 64 58 85 10 17 23 17
29 89 100 75 53 31 109 71 108 46 142 26 93 60 32 76 88 112 85 48 67 44 64 85 40 58 60 33 37 26 36 103 137 53 71 96 116 75 74 100 61 85 71 61 78 60 58 54 19 43 73 36 47 126 78 31 15 96 69 140 95 80 43 48 34 55 72 91 29 37 63 55 91 14 28 31 45 0 36 62 12 42 50 109 29 110 109 130 66 71 102 71 35 33 15 40 53 54 54 56
65 125 136 111 89 51 145 61 144 82 178 40 101 96 22 112 124 148 75 38 83 80 100 121 76 94 96 69 73 42 72 139 173 89 107 132 152 111 96 136 97 121 107 81 114 96 94 90 27 79 109 72 65 162 78 67 43 132 95 176 87 116 79 72 70 91 108 127 7 61 61 61 127 42 24 67 67 36 0 98 42 78 56 145 43 146 145 166 56 75 138 61 71 3 51 30 77 84 90 84
33 83 38 19 9 67 47 37 46 54 80 62 57 80 84 44 26 50 49 66 103 62 20 65 22 26 2 29 53 56 66 41 75 35 9 66 54 13 110 38 65 23 21 25 78 34 68 42 71 47 69 26 83 64 42 51 55 34 33 78 59 20 19 26 34 17 52 29 91 73 37 37 63 56 74 49 81 62 98 0 56 56 42 47 65 48 47 68 58 35 40 53 61 95 47 72 89 90 90 92
39 83 94 69 57 19 103 83 102 40 136 14 105 54 44 70 82 106 97 60 55 38 68 79 52 52 54 27 31 38 30 97 131 47 65 90 110 69 62 94 55 79 65 73 72 54 52 48 31 37 67 30 35 120 90 25 27 90 81 134 107 74 53 60 28 49 66 85 35 25 75 67 85 2 40 25 33 12 42 56 0 36 62 103 17 104 103 124 78 83 96 83 29 39 25 52 41 42 48 44
47 47 58 75 65 27 67 91 76 4 100 38 113 24 64 34 48 70 105 68 47 6 76 43 60 30 58 35 5 46 10 71 95 21 51 54 74 59 54 80 19 77 35 81 36 22 16 14 51 9 31 36 27 84 98 11 35 54 89 98 115 38 61 68 22 39 30 49 71 17 83 75 49 36 54 11 25 42 78 56 36 0 70 75 35 68 67 88 86 91 60 91 7 75 33 60 33 34 34 36
23 97 80 55 33 81 89 21 88 68 122 76 45 94 42 58 68 92 35 24 117 76 44 79 20 40 40 35 67 24 80 83 117 49 51 80 96 55 124 80 79 65 51 25 92 48 82 56 31 61 83 34 97 106 28 65 35 76 39 120 45 60 23 16 48 35 66 71 49 87 13 5 77 64 32 63 95 50 56 42 62 70 0 89 79 90 89 110 16 21 82 21 75 53 37 30 103 104 104 106
80 102 43 34 56 94 28 84 1 73 41 105 44 99 131 63 27 55 86 113 122 81 45 84 69 51 49 76 72 103 85 6 42 56 38 85 17 34 129 9 84 24 40 64 97 53 87 61 118 66 88 73 102 53 67 78 102 37 50 31 58 39 66 73 75 54 71 40 138 92 84 84 82 103 121 78 100 109 145 47 103 75 89 0 102 9 42 21 105 70 21 100 80 142 94 119 108 109 109 111
56 82 93 84 74 8 102 100 101 39 135 3 122 53 61 69 81 105 114 77 40 37 85 78 69 51 67 44 30 55 29 96 130 46 64 89 109 68 53 93 54 86 64 90 71 53 51 47 48 36 66 45 22 119 107 24 44 89 98 133 124 73 70 77 31 48 65 84 46 18 92 84 84 15 57 24 24 29 43 65 17 35 79 102 0 103 102 123 95 100 95 100 28 40 42 69 34 41 47 41
81 93 34 35 57 95 19 85 10 64 32 106 47 90 132 54 22 46 87 114 113 72 46 75 70 52 50 77 73 104 76 7 33 57 39 76 8 35 120 14 75 25 39 65 88 50 78 56 119 67 79 74 93 44 68 79 103 28 51 30 59 30 67 74 76 55 62 31 139 85 85 85 73 104 122 79 91 110 146 48 104 68 90 9 103 0 33 20 106 71 12 101 75 143 95 120 99 100 100 102
80 60 9 42 56 94 14 84 43 63 33 105 80 57 131 33 21 13 86 113 80 65 45 42 69 51 49 76 72 103 73 38 28 56 38 43 25 34 87 47 48 44 38 64 55 49 51 55 118 66 46 73 80 17 67 78 102 13 56 31 82 29 66 73 75 54 37 18 138 84 84 84 40 103 121 78 78 109 145 47 103 67 89 42 102 33 0 23 105 70 21 100 74 142 94 119 68 67 67 69
101 83 30 55 77 115 21 105 22 84 22 126 65 80 152 54 42 36 107 134 103 86 66 65 90 72 70 97 93 124 94 27 23 77 59 66 14 55 110 30 69 45 59 85 78 70 72 76 139 87 69 94 101 34 88 99 123 34 71 10 79 50 87 94 96 75 58 39 159 105 105 105 63 124 142 99 99 130 166 68 124 88 110 21 123 20 23 0 126 91 28 121 95 163 115 140 89 90 90 92
39 113 96 71 49 97 105 21 104 84 138 92 61 110 34 74 84 108 19 18 133 92 60 95 36 56 56 51 83 40 96 99 133 65 67 96 112 71 140 96 95 81 67 41 108 64 98 72 47 77 99 50 113 122 38 81 51 92 55 136 47 76 39 32 64 51 82 87 49 103 21 21 93 80 38 79 111 66 56 58 78 86 16 105 95 106 105 126 0 35 98 5 91 59 53 26 119 120 120 122
44 118 61 36 26 102 70 14 69 89 103 97 26 115 61 79 49 73 16 43 138 97 25 100 31 61 33 56 88 45 101 64 98 70 40 101 77 36 145 61 100 46 56 10 113 69 103 77 52 82 104 55 118 87 7 86 56 57 20 101 24 55 30 23 69 52 87 56 68 108 14 16 98 85 51 84 116 71 75 35 83 91 21 70 100 71 70 91 35 0 63 30 96 72 58 49 124 125 125 127
73 81 22 27 49 87 7 77 22 56 40 98 59 78 124 42 14 34 79 106 101 60 38 63 62 44 42 69 65 96 66 17 35 49 31 64 14 27 108 26 63 23 31 57 76 42 66 48 111 59 67 66 81 32 60 71 95 16 43 38 61 22 59 66 68 47 50 19 131 77 77 77 61 96 114 71 79 102 138 40 96 60 82 21 95 12 21 28 98 63 0 93 67 135 87 112 87 88 88 90
44 118 91 66 44 102 100 16 99 89 133 97 56 115 39 79 79 103 14 23 138 97 55 100 31 61 51 56 88 45 101 94 128 70 62 101 107 66 145 91 100 76 62 36 113 69 103 77 52 82 104 55 118 117 33 86 56 87 50 131 42 71 34 27 69 52 87 82 54 108 16 16 98 85 43 84 116 71 61 53 83 91 21 100 100 101 100 121 5 30 93 0 96 64 58 31 124 125 125 127
52 54 65 80 70 20 74 96 81 11 107 31 118 25 57 41 53 77 110 73 42 9 81 50 65 35 63 40 8 51 5 76 102 26 56 61 81 64 49 85 26 82 40 86 43 27 23 19 44 14 38 41 22 91 103 10 40 61 94 105 120 45 66 73 27 44 37 56 64 12 88 80 56 29 53 12 20 35 71 61 29 7 75 80 28 75 74 95 91 96 67 96 0 68 38 65 28 29 29 31
62 122 133 108 86 48 142 64 141 79 175 37 98 93 25 109 121 145 78 41 80 77 97 118 73 91 93 66 70 39 69 136 170 86 104 129 149 108 93 133 94 118 104 78 111 93 91 87 24 76 106 69 62 159 75 64 40 129 92 173 88 113 76 69 67 88 105 124 10 58 58 58 124 39 21 64 64 33 3 95 39 75 53 142 40 143 142 163 59 72 135 64 68 0 48 33 74 81 87 81
14 74 85 60 38 44 94 58 93 31 127 39 80 57 37 61 73 97 72 35 80 39 49 70 27 43 45 18 30 13 43 88 122 38 56 81 101 60 87 85 46 70 56 48 63 45 45 39 24 28 58 21 60 111 65 28 8 81 56 125 82 65 28 35 19 40 57 76 44 50 50 42 76 27 27 26 58 15 51 47 25 33 37 94 42 95 94 115 53 58 87 58 38 48 0 27 66 67 67 69
39 99 110 85 63 71 119 35 118 58 152 66 75 84 12 86 98 122 45 8 107 66 74 95 50 68 70 43 57 16 70 113 147 63 81 106 126 85 114 110 71 95 81 55 88 70 72 64 21 53 83 46 87 136 52 55 25 106 69 150 61 90 53 46 44 65 82 101 23 77 35 35 101 54 12 53 85 40 30 72 52 60 30 119 69 120 119 140 26 49 112 31 65 33 27 0 93 94 94 96
80 48 65 108 98 26 80 124 109 35 101 37 146 19 85 45 81 71 138 101 14 27 109 44 93 63 91 68 36 79 23 104 96 54 84 55 91 92 21 113 24 110 68 114 37 55 21 47 72 42 32 69 12 85 131 38 68 71 122 99 148 69 94 101 55 72 37 68 70 16 116 108 50 39 81 40 10 53 77 89 41 33 103 108 34 99 68 89 119 124 87 124 28 74 66 93 0 7 13 7
81 41 66 109 99 33 81 125 110 36 94 44 147 12 86 46 82 64 139 102 13 28 110 37 94 64 92 69 37 80 24 105 89 55 85 48 92 93 20 114 25 111 69 115 30 56 22 48 73 43 25 70 19 78 132 39 69 72 123 92 149 70 95 102 56 73 38 69 77 23 117 109 43 42 82 41 17 54 84 90 42 34 104 109 41 100 67 90 120 125 88 125 29 81 67 94 7 0 6 2
81 35 66 109 99 39 81 125 110 36 88 50 147 10 86 46 82 58 139 102 13 28 110 31 94 64 92 69 37 80 24 105 83 55 85 42 92 93 20 114 25 111 69 115 24 56 22 48 73 43 21 70 25 72 132 39 69 72 123 86 149 70 95 102 56 73 38 69 83 29 117 109 37 48 82 41 23 54 90 90 48 34 104 109 47 100 67 90 120 125 88 125 29 87 67 94 13 6 0 6
83 41 68 111 101 33 83 127 112 38 94 44 149 12 88 48 84 64 141 104 11 30 112 37 96 66 94 71 39 82 26 107 89 57 87 48 94 95 18 116 27 113 71 117 30 58 24 50 75 45 25 72 19 78 134 41 71 74 125 92 151 72 97 104 58 75 40 71 77 23 119 111 43 42 84 43 17 56 84 92 44 36 106 111 41 102 69 92 122 127 90 127 31 81 69 96 7 2 6 0
60
88 08:00:00 18:00:00 4500.000 4.314 50.000
63 08:00:00 18:00:00 3000.000 3.412 70.000
44 07:00:00 17:00:00 4500.000 4.563 65.000
8 07:00:00 17:00:00 5000.000 5.827 50.000
80 08:00:00 18:00:00 3000.000 3.302 55.000
76 08:00:00 18:00:00 2000.000 2.111 55.000
88 08:00:00 18:00:00 2000.000 2.567 45.000
61 07:00:00 17:00:00 2500.000 2.945 45.000
55 07:00:00 17:00:00 2500.000 1.927 65.000
1 08:00:00 18:00:00 4500.000 3.927 60.000
86 08:00:00 18:00:00 4000.000 4.213 45.000
51 08:00:00 18:00:00 3500.000 4.184 55.000
58 08:00:00 18:00:00 2000.000 2.404 45.000
29 07:00:00 17:00:00 4000.000 4.704 45.000
73 08:00:00 18:00:00 4500.000 3.006 45.000
49 07:00:00 17:00:00 2500.000 2.268 55.000
85 07:00:00 17:00:00 4000.000 4.723 65.000
13 07:00:00 17:00:00 3000.000 2.202 50.000
10 07:00:00 17:00:00 5000.000 5.913 70.000
39 07:00:00 17:00:00 4500.000 3.684 55.000
10 07:00:00 17:00:00 2000.000 2.412 60.000
6 08:00:00 18:00:00 4000.000 5.067 60.000
79 08:00:00 18:00:00 2000.000 2.607 55.000
41 08:00:00 18:00:00 3000.000 2.786 70.000
93 07:00:00 17:00:00 3000.000 2.718 70.000
82 07:00:00 17:00:00 2500.000 2.403 65.000
8 08:00:00 18:00:00 5000.000 4.217 50.000
95 08:00:00 18:00:00 3500.000 4.492 45.000
98 08:00:00 18:00:00 3000.000 2.190 65.000
57 07:00:00 17:00:00 5000.000 5.413 65.000
93 07:00:00 17:00:00 5000.000 4.733 50.000
17 07:00:00 17:00:00 2500.000 2.485 55.000
18 08:00:00 18:00:00 2000.000 1.456 40.000
35 08:00:00 18:00:00 2000.000 1.397 50.000
92 07:00:00 17:00:00 2000.000 2.641 55.000
62 08:00:00 18:00:00 3000.000 3.392 65.000
74 07:00:00 17:00:00 3500.000 3.974 70.000
32 08:00:00 18:00:00 3000.000 3.884 50.000
89 08:00:00 18:00:00 4000.000 3.944 50.000
21 08:00:00 18:00:00 5000.000 6.047 40.000
1 08:00:00 18:00:00 3500.000 2.352 65.000
3 07:00:00 17:00:00 5000.000 5.463 40.000
100 08:00:00 18:00:00 4000.000 5.024 50.000
30 08:00:00 18:00:00 5000.000 5.303 45.000
65 08:00:00 18:00:00 3000.000 2.084 70.000
46 07:00:00 17:00:00 4500.000 5.445 55.000
90 07:00:00 17:00:00 2000.000 1.729 70.000
25 07:00:00 17:00:00 2000.000 2.320 45.000
36 07:00:00 17:00:00 2500.000 2.993 60.000
65 07:00:00 17:00:00 4500.000 3.243 45.000
8 07:00:00 17:00:00 5000.000 5.540 45.000
67 08:00:00 18:00:00 4500.000 4.794 45.000
32 08:00:00 18:00:00 5000.000 4.977 45.000
50 07:00:00 17:00:00 3000.000 2.164 55.000
68 08:00:00 18:00:00 4000.000 4.293 55.000
20 08:00:00 18:00:00 3500.000 2.585 50.000
48 07:00:00 17:00:00 4000.000 4.523 55.000
1 08:00:00 18:00:00 4500.000 4.605 60.000
88 07:00:00 17:00:00 2000.000 1.897 45.000
14 07:00:00 17:00:00 4000.000 4.219 65.000
1000
36 52 601.000 0.450 319 356 12:30:00 13:30:00 13:30:00 15:30:00
45 10 990.000 1.190 495 385 14:00:00 15:00:00 15:00:00 16:00:00
15 4 449.000 0.314 558 318 08:30:00 10:30:00 09:30:00 12:30:00
90 99 10.000 0.007 372 522 08:00:00 09:30:00 10:00:00 13:00:00
91 58 959.000 0.663 315 388 11:30:00 12:30:00 11:30:00 12:30:00
73 56 329.000 0.377 562 386 14:00:00 16:00:00 16:00:00 17:00:00
45 17 882.000 1.321 422 351 13:30:00 15:30:00 15:30:00 16:30:00
93 90 76.000 0.092 500 410 12:00:00 13:30:00 14:00:00 15:00:00
2 90 256.000 0.236 502 385 09:00:00 10:30:00 11:00:00 13:00:00
18 58 833.000 1.193 569 354 11:30:00 13:30:00 11:30:00 12:30:00
69 93 426.000 0.449 434 349 10:30:00 12:30:00 12:30:00 13:30:00
19 54 140.000 0.129 379 496 12:00:00 13:30:00 15:00:00 17:00:00
67 50 194.000 0.135 597 316 13:30:00 15:00:00 13:30:00 15:30:00
56 35 115.000 0.138 416 571 08:30:00 10:30:00 09:30:00 11:30:00
86 54 913.000 1.194 332 545 13:00:00 14:00:00 14:00:00 16:00:00
47 83 482.000 0.310 396 422 10:30:00 12:00:00 12:30:00 15:30:00
74 67 45.000 0.052 492 339 09:00:00 11:00:00 10:00:00 13:00:00
46 50 187.000 0.152 574 422 13:00:00 15:00:00 14:00:00 17:00:00
59 92 203.000 0.228 377 514 11:00:00 12:00:00 12:00:00 15:00:00
73 60 834.000 0.475 587 397 10:00:00 12:00:00 12:00:00 15:00:00
64 69 193.000 0.287 402 380 09:00:00 10:30:00 10:00:00 12:00:00
28 26 544.000 0.775 523 572 12:30:00 13:30:00 13:30:00 14:30:00
6 94 726.000 0.386 392 442 13:00:00 15:00:00 13:00:00 15:00:00
88 61 414.000 0.610 470 370 08:30:00 10:30:00 10:30:00 13:30:00
97 68 286.000 0.300 440 494 10:00:00 11:00:00 12:00:00 14:00:00
77 95 659.000 0.529 571 566 13:30:00 14:30:00 15:30:00 18:30:00
19 65 120.000 0.078 400 387 09:30:00 10:30:00 10:30:00 13:30:00
71 16 577.000 0.419 343 558 08:30:00 09:30:00 09:30:00 11:30:00
66 88 578.000 0.563 525 427 08:00:00 10:00:00 10:00:00 13:00:00
3 63 124.000 0.136 437 361 09:30:00 11:30:00 10:30:00 12:30:00
3 17 31.000 0.026 511 471 09:00:00 11:00:00 10:00:00 12:00:00
91 25 189.000 0.239 440 451 11:30:00 13:30:00 12:30:00 14:30:00
59 79 366.000 0.186 377 300 11:00:00 12:30:00 13:00:00 15:00:00
58 25 478.000 0.291 413 487 09:00:00 11:00:00 10:00:00 11:00:00
94 85 406.000 0.422 511 504 10:00:00 11:30:00 10:00:00 12:00:00
24 86 557.000 0.399 426 357 13:30:00 15:00:00 15:30:00 16:30:00
70 62 897.000 0.468 517 512 09:30:00 10:30:00 11:30:00 14:30:00
24 30 230.000 0.245 559 532 08:30:00 10:30:00 10:30:00 11:30:00
85 35 655.000 0.964 457 569 09:30:00 11:30:00 11:30:00 14:30:00
12 36 68.000 0.092 475 338 08:00:00 10:00:00 09:00:00 11:00:00
42 76 460.000 0.610 521 470 08:30:00 10:30:00 10:30:00 12:30:00
51 99 280.000 0.336 493 434 14:00:00 16:00:00 14:00:00 16:00:00
77 6 963.000 1.009 581 300 12:30:00 13:30:00 13:30:00 14:30:00
43 63 612.000 0.843 324 578 13:00:00 15:00:00 13:00:00 15:00:00
41 14 876.000 0.501 518 310 09:30:00 11:00:00 09:30:00 12:30:00
70 32 41.000 0.041 485 490 13:00:00 14:00:00 14:00:00 16:00:00
54 15 652.000 0.808 444 458 13:00:00 15:00:00 15:00:00 16:00:00
65 82 504.000 0.670 375 508 09:30:00 10:30:00 10:30:00 11:30:00
62 28 468.000 0.487 329 340 11:00:00 13:00:00 12:00:00 15:00:00
16 84 214.000 0.319 324 501 10:30:00 11:30:00 11:30:00 13:30:00
28 85 76.000 0.098 498 370 12:00:00 13:00:00 12:00:00 15:00:00
22 64 707.000 0.610 310 571 11:30:00 12:30:00 12:30:00 13:30:00
20 14 592.000 0.713 318 532 12:30:00 14:30:00 14:30:00 15:30:00
4 23 99.000 0.074 384 448 11:30:00 13:30:00 12:30:00 15:30:00
46 13 547.000 0.644 569 562 10:00:00 12:00:00 12:00:00 15:00:00
66 41 246.000 0.248 418 570 11:30:00 12:30:00 11:30:00 13:30:00
53 88 571.000 0.721 501 303 11:00:00 13:00:00 13:00:00 16:00:00
16 66 29.000 0.030 447 588 10:30:00 12:00:00 11:30:00 12:30:00
50 82 589.000 0.496 308 560 10:30:00 11:30:00 10:30:00 13:30:00
47 91 950.000 1.276 430 420 11:30:00 13:00:00 12:30:00 15:30:00
36 27 186.000 0.100 553 429 10:30:00 12:00:00 12:30:00 15:30:00
58 67 945.000 1.375 518 326 12:30:00 14:00:00 13:30:00 16:30:00
50 97 585.000 0.594 564 542 09:00:00 10:00:00 09:00:00 12:00:00
49 73 427.000 0.472 373 429 12:00:00 13:00:00 14:00:00 16:00:00
76 94 566.000 0.303 336 341 10:00:00 11:00:00 11:00:00 13:00:00
37 39 483.000 0.413 315 531 10:00:00 11:00:00 13:00:00 15:00:00
38 87 691.000 0.795 562 334 14:00:00 15:00:00 14:00:00 15:00:00
9 63 234.000 0.223 403 434 10:00:00 11:00:00 11:00:00 12:00:00
18 14 110.000 0.058 400 380 13:30:00 15:00:00 14:30:00 17:30:00
62 65 904.000 1.063 543 509 10:00:00 11:00:00 11:00:00 12:00:00
83 54 675.000 0.486 302 323 12:30:00 14:00:00 14:30:00 15:30:00
9 20 972.000 0.489 345 481 13:00:00 15:00:00 16:00:00 19:00:00
99 90 723.000 1.040 437 410 08:30:00 09:30:00 10:30:00 12:30:00
60 94 516.000 0.397 337 369 11:00:00 12:00:00 15:00:00 18:00:00
18 16 556.000 0.731 330 339 08:00:00 10:00:00 08:00:00 10:00:00
86 11 485.000 0.618 580 415 09:30:00 11:00:00 10:30:00 13:30:00
11 99 74.000 0.095 577 432 10:00:00 11:00:00 12:00:00 13:00:00
42 91 724.000 0.625 328 584 08:00:00 09:00:00 09:00:00 11:00:00
75 72 334.000 0.457 353 495 11:00:00 13:00:00 11:00:00 14:00:00
51 99 310.000 0.370 486 380 09:00:00 10:00:00 10:00:00 12:00:00
80 65 422.000 0.382 426 516 09:00:00 10:00:00 09:00:00 12:00:00
82 65 341.000 0.404 321 562 10:30:00 12:00:00 11:30:00 12:30:00
3 74 125.000 0.180 345 562 10:30:00 11:30:00 11:30:00 13:30:00
19 3 908.000 0.733 381 412 13:30:00 15:30:00 14:30:00 16:30:00
85 57 291.000 0.231 596 352 08:30:00 10:00:00 08:30:00 11:30:00
92 13 132.000 0.081 539 458 12:30:00 14:00:00 14:30:00 17:30:00
70 80 239.000 0.221 318 366 10:30:00 12:30:00 11:30:00 13:30:00
63 34 159.000 0.083 546 392 13:30:00 15:00:00 14:30:00 16:30:00
3 8 99.000 0.132 492 500 13:30:00 14:30:00 14:30:00 15:30:00
83 41 316.000 0.340 362 567 09:00:00 10:30:00 10:00:00 12:00:00
29 52 817.000 0.596 549 425 12:00:00 13:30:00 12:00:00 15:00:00
61 48 163.000 0.188 575 492 08:30:00 10:30:00 10:30:00 12:30:00
15 47 189.000 0.202 538 363 12:00:00 14:00:00 14:00:00 16:00:00
16 29 235.000 0.251 305 464 10:30:00 11:30:00 11:30:00 14:30:00
50 70 331.000 0.471 450 533 11:00:00 13:00:00 12:00:00 14:00:00
38 79 394.000 0.448 414 564 08:30:00 10:30:00 11:30:00 12:30:00
38 5 338.000 0.380 464 370 13:30:00 15:00:00 14:30:00 17:30:00
53 74 653.000 0.453 576 426 10:00:00 11:00:00 11:00:00 12:00:00
75 20 944.000 1.049 441 489 12:00:00 13:00:00 13:00:00 15:00:00
17 51 616.000 0.683 564 466 11:00:00 12:00:00 13:00:00 14:00:00
96 74 590.000 0.390 572 568 11:00:00 12:00:00 12:00:00 14:00:00
11 23 775.000 0.991 310 452 12:30:00 14:30:00 14:30:00 16:30:00
75 65 903.000 0.682 560 474 10:00:00 11:30:00 10:00:00 13:00:00
78 90 606.000 0.421 594 450 09:00:00 10:30:00 11:00:00 13:00:00
73 40 429.000 0.606 462 567 11:30:00 13:30:00 12:30:00 13:30:00
60 35 205.000 0.202 419 358 10:00:00 11:30:00 11:00:00 13:00:00
68 93 788.000 0.813 556 374 09:00:00 11:00:00 11:00:00 14:00:00
32 77 584.000 0.846 423 582 12:30:00 14:00:00 13:30:00 15:30:00
83 57 491.000 0.700 424 486 12:00:00 13:00:00 13:00:00 15:00:00
78 69 69.000 0.103 396 583 11:00:00 13:00:00 11:00:00 13:00:00
98 13 704.000 0.371 308 445 10:30:00 11:30:00 12:30:00 13:30:00
44 14 502.000 0.678 528 311 09:30:00 10:30:00 11:30:00 14:30:00
70 82 466.000 0.357 313 593 10:30:00 12:30:00 10:30:00 11:30:00
2 43 178.000 0.245 570 402 14:00:00 15:30:00 15:00:00 16:00:00
38 24 180.000 0.197 369 527 10:00:00 12:00:00 11:00:00 12:00:00
27 88 671.000 0.690 551 458 13:30:00 15:30:00 15:30:00 17:30:00
43 11 473.000 0.297 434 441 12:30:00 14:30:00 14:30:00 16:30:00
39 82 258.000 0.323 414 598 08:30:00 09:30:00 10:30:00 13:30:00
8 79 490.000 0.458 365 575 11:30:00 12:30:00 13:30:00 16:30:00
31 49 929.000 0.922 433 440 11:00:00 12:30:00 11:00:00 13:00:00
38 93 983.000 0.814 552 569 10:30:00 12:30:00 11:30:00 12:30:00
48 33 536.000 0.379 564 497 14:00:00 15:30:00 16:00:00 17:00:00
90 1 813.000 0.933 523 351 12:00:00 13:30:00 13:00:00 16:00:00
55 91 698.000 0.990 380 378 12:30:00 13:30:00 13:30:00 16:30:00
100 26 484.000 0.502 592 493 09:30:00 10:30:00 10:30:00 11:30:00
41 98 786.000 0.809 340 505 12:30:00 13:30:00 12:30:00 14:30:00
79 80 972.000 0.755 373 393 12:00:00 14:00:00 13:00:00 15:00:00
91 83 579.000 0.382 318 389 09:30:00 11:30:00 10:30:00 11:30:00
81 9 968.000 0.685 477 503 10:00:00 11:00:00 12:00:00 15:00:00
23 12 20.000 0.025 556 590 09:00:00 10:00:00 10:00:00 11:00:00
53 42 955.000 1.254 462 496 09:30:00 11:30:00 11:30:00 13:30:00
37 81 199.000 0.106 587 484 14:00:00 15:30:00 16:00:00 17:00:00
42 83 250.000 0.256 558 405 11:30:00 13:00:00 12:30:00 14:30:00
80 59 578.000 0.723 507 329 10:30:00 12:00:00 10:30:00 12:30:00
54 100 785.000 0.836 393 408 13:00:00 15:00:00 15:00:00 18:00:00
69 56 192.000 0.283 522 448 12:30:00 13:30:00 13:30:00 14:30:00
78 18 630.000 0.892 474 491 14:00:00 15:30:00 16:00:00 17:00:00
92 16 950.000 1.289 540 552 09:00:00 10:30:00 11:00:00 14:00:00
63 56 184.000 0.164 480 497 13:00:00 15:00:00 15:00:00 16:00:00
79 41 612.000 0.886 345 470 13:00:00 14:30:00 14:00:00 17:00:00
34 66 215.000 0.168 307 432 10:00:00 12:00:00 10:00:00 12:00:00
11 42 232.000 0.159 405 479 09:30:00 11:00:00 11:30:00 13:30:00
9 47 277.000 0.349 489 422 09:00:00 11:00:00 11:00:00 12:00:00
15 61 254.000 0.324 448 503 11:00:00 12:00:00 12:00:00 15:00:00
98 7 753.000 0.995 496 481 12:00:00 14:00:00 14:00:00 16:00:00
19 36 377.000 0.480 459 398 13:00:00 14:30:00 15:00:00 16:00:00
44 89 154.000 0.113 547 480 13:00:00 14:30:00 13:00:00 16:00:00
62 100 856.000 0.739 316 373 13:00:00 14:30:00 15:00:00 18:00:00
51 54 182.000 0.143 599 410 08:30:00 10:30:00 09:30:00 10:30:00
82 13 477.000 0.420 447 490 10:30:00 11:30:00 12:30:00 15:30:00
90 21 166.000 0.155 358 493 11:30:00 13:00:00 13:30:00 15:30:00
72 67 397.000 0.475 420 594 11:30:00 13:00:00 13:30:00 16:30:00
70 79 618.000 0.318 426 384 09:30:00 11:30:00 10:30:00 12:30:00
19 91 200.000 0.257 386 599 10:30:00 12:00:00 12:30:00 13:30:00
16 86 319.000 0.345 431 367 09:00:00 10:30:00 10:00:00 13:00:00
61 28 75.000 0.070 552 571 13:30:00 15:00:00 15:30:00 17:30:00
12 5 678.000 0.614 568 522 10:00:00 12:00:00 11:00:00 14:00:00
39 89 356.000 0.281 447 481 09:00:00 10:00:00 12:00:00 13:00:00
94 18 502.000 0.493 347 365 09:00:00 10:00:00 11:00:00 12:00:00
26 22 965.000 1.236 372 306 09:30:00 11:00:00 10:30:00 13:30:00
81 69 412.000 0.500 568 551 11:30:00 13:00:00 11:30:00 12:30:00
32 34 780.000 0.907 559 553 14:00:00 15:30:00 16:00:00 17:00:00
21 36 681.000 1.005 455 325 09:00:00 10:30:00 10:00:00 11:00:00
3 33 906.000 0.852 475 562 10:30:00 12:30:00 10:30:00 11:30:00
98 3 509.000 0.295 540 376 13:00:00 15:00:00 14:00:00 17:00:00
75 74 98.000 0.135 535 572 08:00:00 10:00:00 09:00:00 12:00:00
42 89 482.000 0.322 415 496 08:30:00 10:00:00 09:30:00 11:30:00
56 63 44.000 0.055 321 522 11:30:00 13:30:00 12:30:00 15:30:00
18 15 651.000 0.514 335 459 13:00:00 14:30:00 16:00:00 19:00:00
80 100 106.000 0.137 361 581 14:00:00 16:00:00 16:00:00 18:00:00
88 43 254.000 0.148 320 514 13:00:00 14:30:00 15:00:00 18:00:00
53 65 770.000 0.747 305 347 12:00:00 13:30:00 12:00:00 13:00:00
24 41 680.000 1.013 488 410 12:00:00 14:00:00 13:00:00 14:00:00
84 90 956.000 1.413 479 506 09:00:00 11:00:00 11:00:00 13:00:00
34 89 936.000 1.197 393 390 09:00:00 11:00:00 11:00:00 13:00:00
8 68 670.000 0.425 571 557 13:30:00 15:30:00 15:30:00 17:30:00
39 45 373.000 0.396 328 464 11:00:00 13:00:00 11:00:00 14:00:00
2 28 198.000 0.236 571 563 14:00:00 15:30:00 16:00:00 18:00:00
22 46 611.000 0.608 541 322 08:30:00 09:30:00 09:30:00 10:30:00
94 39 280.000 0.387 408 354 08:00:00 09:30:00 10:00:00 11:00:00
45 91 340.000 0.222 304 423 12:00:00 14:00:00 13:00:00 15:00:00
31 34 224.000 0.245 330 546 12:00:00 13:00:00 13:00:00 14:00:00
51 90 339.000 0.496 535 597 12:00:00 13:00:00 14:00:00 15:00:00
38 75 921.000 0.803 393 555 08:00:00 09:00:00 09:00:00 10:00:00
85 76 383.000 0.237 441 432 13:00:00 15:00:00 14:00:00 16:00:00
68 37 126.000 0.078 437 328 12:30:00 13:30:00 13:30:00 14:30:00
57 96 61.000 0.085 393 432 10:00:00 12:00:00 11:00:00 12:00:00
85 75 720.000 0.929 376 341 13:00:00 14:30:00 14:00:00 15:00:00
73 92 190.000 0.245 590 539 12:00:00 14:00:00 14:00:00 16:00:00
4 6 177.000 0.173 495 439 11:30:00 12:30:00 13:30:00 16:30:00
16 22 994.000 1.318 422 438 13:30:00 15:30:00 14:30:00 17:30:00
92 24 944.000 1.259 443 449 13:30:00 15:00:00 15:30:00 17:30:00
88 47 892.000 1.014 413 300 08:30:00 10:00:00 09:30:00 11:30:00
27 11 878.000 0.774 460 489 09:30:00 11:30:00 11:30:00 13:30:00
96 67 361.000 0.194 588 311 12:30:00 14:30:00 14:30:00 17:30:00
90 43 64.000 0.067 502 517 14:00:00 15:00:00 15:00:00 16:00:00
49 52 571.000 0.649 458 467 11:00:00 12:00:00 12:00:00 14:00:00
20 76 557.000 0.574 595 544 09:00:00 10:30:00 10:00:00 11:00:00
51 20 273.000 0.352 583 533 11:30:00 12:30:00 13:30:00 14:30:00
55 79 586.000 0.444 433 593 14:00:00 16:00:00 15:00:00 17:00:00
23 72 612.000 0.912 338 341 08:30:00 09:30:00 08:30:00 10:30:00
80 3 684.000 1.019 402 568 09:00:00 11:00:00 10:00:00 13:00:00
62 43 195.000 0.234 388 378 14:00:00 15:30:00 15:00:00 18:00:00
70 46 381.000 0.538 564 510 09:00:00 11:00:00 10:00:00 11:00:00
63 4 103.000 0.059 354 529 08:30:00 10:00:00 09:30:00 11:30:00
50 19 66.000 0.057 352 573 13:00:00 14:30:00 15:00:00 18:00:00
70 99 499.000 0.301 352 479 14:00:00 16:00:00 14:00:00 17:00:00
64 35 851.000 0.444 340 311 09:00:00 11:00:00 09:00:00 10:00:00
17 77 179.000 0.129 515 448 10:30:00 12:00:00 12:30:00 13:30:00
84 63 903.000 0.688 520 570 09:30:00 10:30:00 11:30:00 14:30:00
89 18 718.000 0.999 498 467 13:00:00 15:00:00 16:00:00 19:00:00
20 82 4.000 0.003 428 331 09:30:00 11:00:00 10:30:00 13:30:00
65 8 296.000 0.275 581 490 14:00:00 16:00:00 16:00:00 17:00:00
60 44 841.000 0.953 337 493 13:00:00 14:00:00 15:00:00 16:00:00
4 62 291.000 0.338 407 597 09:30:00 10:30:00 09:30:00 11:30:00
41 4 567.000 0.784 561 459 11:00:00 12:30:00 13:00:00 16:00:00
2 41 210.000 0.209 583 450 08:30:00 09:30:00 09:30:00 12:30:00
88 72 288.000 0.432 504 379 11:00:00 13:00:00 13:00:00 15:00:00
19 6 541.000 0.718 459 522 11:30:00 13:00:00 13:30:00 16:30:00
82 15 568.000 0.564 396 561 13:30:00 15:30:00 14:30:00 15:30:00
77 56 918.000 0.800 560 352 10:00:00 11:30:00 11:00:00 13:00:00
27 2 35.000 0.044 493 548 14:00:00 15:00:00 16:00:00 17:00:00
38 4 691.000 0.491 494 368 13:00:00 14:30:00 14:00:00 17:00:00
80 48 150.000 0.215 369 575 08:30:00 09:30:00 08:30:00 11:30:00
24 44 732.000 0.479 361 534 14:00:00 15:00:00 15:00:00 18:00:00
5 67 954.000 0.771 323 384 12:00:00 14:00:00 13:00:00 14:00:00
31 12 815.000 0.481 327 343 10:30:00 11:30:00 10:30:00 12:30:00
7 59 590.000 0.801 509 489 11:30:00 13:00:00 12:30:00 14:30:00
76 27 90.000 0.090 366 312 09:00:00 10:00:00 10:00:00 11:00:00
42 87 652.000 0.397 387 583 14:00:00 16:00:00 14:00:00 17:00:00
56 82 129.000 0.129 577 562 12:00:00 13:30:00 12:00:00 14:00:00
86 29 647.000 0.899 478 383 10:00:00 11:30:00 11:00:00 14:00:00
79 22 856.000 0.873 327 473 10:30:00 12:30:00 12:30:00 14:30:00
35 2 738.000 0.598 574 390 13:30:00 14:30:00 14:30:00 15:30:00
46 83 826.000 1.006 373 512 13:30:00 14:30:00 14:30:00 16:30:00
18 93 540.000 0.295 446 503 11:00:00 12:30:00 13:00:00 15:00:00
30 46 395.000 0.276 445 472 14:00:00 15:30:00 15:00:00 16:00:00
81 39 898.000 0.936 508 303 11:30:00 13:30:00 12:30:00 13:30:00
79 83 170.000 0.210 478 539 08:00:00 09:30:00 09:00:00 11:00:00
78 76 725.000 1.074 400 461 09:00:00 10:00:00 09:00:00 10:00:00
85 17 138.000 0.139 493 584 11:00:00 12:30:00 13:00:00 16:00:00
44 69 678.000 0.420 457 541 14:00:00 15:30:00 16:00:00 17:00:00
73 30 842.000 1.023 515 536 11:30:00 12:30:00 12:30:00 13:30:00
94 42 830.000 0.787 427 398 08:00:00 09:30:00 10:00:00 12:00:00
86 39 171.000 0.233 529 584 08:30:00 10:00:00 11:30:00 13:30:00
1 25 194.000 0.117 412 465 12:00:00 14:00:00 13:00:00 16:00:00
5 91 835.000 1.161 321 385 10:30:00 12:30:00 10:30:00 12:30:00
87 19 622.000 0.575 397 376 12:30:00 14:30:00 13:30:00 14:30:00
94 69 367.000 0.221 338 300 09:30:00 11:30:00 09:30:00 12:30:00
40 57 809.000 0.916 478 414 11:30:00 12:30:00 12:30:00 13:30:00
28 55 989.000 0.931 598 442 12:30:00 14:00:00 13:30:00 16:30:00
57 10 834.000 1.007 561 533 09:30:00 11:30:00 10:30:00 13:30:00
43 61 162.000 0.181 443 578 10:00:00 12:00:00 12:00:00 14:00:00
35 16 657.000 0.828 412 511 14:00:00 15:00:00 14:00:00 17:00:00
25 8 8.000 0.009 451 301 11:30:00 13:00:00 12:30:00 15:30:00
14 13 856.000 0.479 493 372 08:00:00 09:00:00 11:00:00 14:00:00
67 52 276.000 0.284 532 561 12:30:00 14:00:00 13:30:00 15:30:00
93 52 954.000 0.851 370 319 13:30:00 15:00:00 13:30:00 15:30:00
41 84 263.000 0.239 407 338 10:30:00 12:30:00 12:30:00 15:30:00
48 15 524.000 0.382 489 466 14:00:00 16:00:00 15:00:00 16:00:00
40 67 523.000 0.410 360 453 10:30:00 12:00:00 12:30:00 13:30:00
88 30 43.000 0.035 445 356 13:30:00 14:30:00 15:30:00 17:30:00
34 61 920.000 1.041 438 567 13:00:00 15:00:00 14:00:00 15:00:00
54 8 470.000 0.337 422 342 10:00:00 11:30:00 12:00:00 15:00:00
94 31 718.000 0.390 476 414 14:00:00 16:00:00 15:00:00 17:00:00
72 93 965.000 0.631 566 593 13:00:00 14:00:00 14:00:00 17:00:00
1 52 477.000 0.419 443 477 11:00:00 12:30:00 12:00:00 14:00:00
35 45 562.000 0.597 404 346 11:30:00 13:00:00 13:30:00 16:30:00
24 65 75.000 0.063 337 481 11:30:00 13:00:00 12:30:00 15:30:00
33 24 462.000 0.689 561 330 09:00:00 11:00:00 11:00:00 12:00:00
80 18 318.000 0.450 395 541 12:00:00 13:00:00 13:00:00 15:00:00
10 74 982.000 0.985 469 516 13:30:00 15:30:00 14:30:00 16:30:00
31 58 682.000 0.728 510 366 12:00:00 13:30:00 14:00:00 15:00:00
65 39 672.000 0.368 315 392 13:30:00 15:30:00 15:30:00 18:30:00
72 81 741.000 0.763 475 320 13:30:00 14:30:00 14:30:00 17:30:00
5 90 632.000 0.786 588 510 13:30:00 14:30:00 14:30:00 17:30:00
10 20 480.000 0.584 300 396 10:30:00 12:00:00 11:30:00 14:30:00
7 50 855.000 0.660 360 594 09:30:00 11:30:00 10:30:00 13:30:00
72 29 560.000 0.415 321 488 14:00:00 15:00:00 16:00:00 19:00:00
30 62 861.000 0.610 582 562 11:00:00 13:00:00 13:00:00 15:00:00
88 39 470.000 0.603 440 595 14:00:00 15:00:00 17:00:00 20:00:00
18 35 54.000 0.034 558 493 11:30:00 12:30:00 11:30:00 13:30:00
41 95 938.000 0.632 412 397 12:30:00 14:00:00 13:30:00 16:30:00
93 38 531.000 0.591 396 410 11:00:00 12:00:00 13:00:00 15:00:00
45 41 183.000 0.196 420 393 08:00:00 09:30:00 08:00:00 11:00:00
8 95 706.000 0.856 411 313 13:30:00 15:30:00 15:30:00 16:30:00
63 82 947.000 1.334 448 468 08:00:00 10:00:00 09:00:00 12:00:00
28 34 241.000 0.328 427 577 08:30:00 09:30:00 08:30:00 10:30:00
1 59 477.000 0.312 435 530 11:30:00 13:00:00 12:30:00 15:30:00
23 28 30.000 0.021 311 354 12:30:00 14:00:00 13:30:00 14:30:00
86 29 444.000 0.222 355 371 08:30:00 09:30:00 10:30:00 11:30:00
41 35 41.000 0.061 334 448 10:30:00 12:00:00 11:30:00 13:30:00
63 53 732.000 1.088 464 457 08:00:00 09:00:00 09:00:00 12:00:00
83 2 294.000 0.176 532 444 08:00:00 09:00:00 09:00:00 10:00:00
27 67 739.000 0.961 423 343 14:00:00 16:00:00 16:00:00 18:00:00
60 64 629.000 0.521 488 354 11:30:00 13:00:00 14:30:00 15:30:00
80 78 838.000 0.756 315 492 11:30:00 13:00:00 12:30:00 15:30:00
54 49 396.000 0.276 308 408 10:00:00 11:30:00 13:00:00 14:00:00
3 11 829.000 0.627 405 565 10:30:00 11:30:00 11:30:00 12:30:00
6 85 479.000 0.309 540 533 11:00:00 13:00:00 11:00:00 12:00:00
34 86 349.000 0.273 332 356 13:00:00 14:00:00 14:00:00 15:00:00
7 36 861.000 0.836 427 537 13:00:00 14:00:00 15:00:00 18:00:00
72 4 943.000 0.482 379 434 10:00:00 12:00:00 11:00:00 13:00:00
35 59 927.000 1.303 391 343 08:00:00 10:00:00 09:00:00 10:00:00
25 94 436.000 0.316 494 582 08:30:00 10:30:00 10:30:00 12:30:00
87 90 541.000 0.399 350 459 13:00:00 14:00:00 15:00:00 16:00:00
43 1 812.000 0.589 443 595 12:00:00 14:00:00 12:00:00 13:00:00
69 42 336.000 0.403 425 413 12:00:00 13:30:00 14:00:00 16:00:00
97 40 87.000 0.052 346 343 13:00:00 15:00:00 15:00:00 17:00:00
59 48 871.000 1.298 573 427 11:30:00 13:00:00 12:30:00 14:30:00
51 42 642.000 0.736 425 313 09:00:00 10:30:00 11:00:00 14:00:00
95 94 68.000 0.047 440 479 10:30:00 12:30:00 10:30:00 11:30:00
1 8 622.000 0.741 393 317 12:00:00 13:00:00 13:00:00 15:00:00
40 12 926.000 0.489 478 548 09:30:00 11:30:00 10:30:00 12:30:00
24 54 37.000 0.039 346 526 11:00:00 12:30:00 11:00:00 12:00:00
87 6 300.000 0.167 328 367 11:30:00 12:30:00 13:30:00 15:30:00
18 47 94.000 0.065 521 412 09:30:00 10:30:00 10:30:00 13:30:00
2 29 943.000 0.570 568 368 10:00:00 11:00:00 11:00:00 13:00:00
45 19 626.000 0.450 484 474 14:00:00 15:30:00 17:00:00 19:00:00
96 4 33.000 0.045 337 414 10:00:00 11:30:00 12:00:00 15:00:00
18 84 919.000 0.996 552 586 10:00:00 11:30:00 12:00:00 13:00:00
25 69 28.000 0.018 493 482 12:00:00 13:00:00 14:00:00 15:00:00
15 5 485.000 0.700 395 411 11:00:00 13:00:00 12:00:00 14:00:00
100 91 494.000 0.284 349 574 11:00:00 12:30:00 13:00:00 15:00:00
66 34 239.000 0.337 352 463 12:00:00 13:00:00 12:00:00 15:00:00
32 21 107.000 0.082 368 421 12:30:00 14:30:00 15:30:00 18:30:00
39 23 724.000 1.018 406 589 09:00:00 10:00:00 12:00:00 15:00:00
19 51 98.000 0.131 391 506 14:00:00 15:30:00 17:00:00 20:00:00
45 44 742.000 0.553 478 449 12:00:00 13:30:00 15:00:00 18:00:00
25 5 357.000 0.506 527 555 08:30:00 09:30:00 08:30:00 10:30:00
80 12 490.000 0.616 590 475 10:30:00 12:30:00 12:30:00 15:30:00
51 13 123.000 0.127 472 336 14:00:00 15:00:00 16:00:00 19:00:00
86 53 752.000 0.675 551 501 11:00:00 12:30:00 12:00:00 13:00:00
17 29 512.000 0.320 438 596 13:30:00 14:30:00 14:30:00 16:30:00
3 59 589.000 0.307 386 308 11:30:00 13:00:00 13:30:00 15:30:00
50 81 246.000 0.154 562 526 08:00:00 09:00:00 09:00:00 10:00:00
86 32 407.000 0.482 354 569 11:00:00 13:00:00 12:00:00 13:00:00
66 17 861.000 0.858 335 390 12:30:00 14:30:00 13:30:00 16:30:00
89 76 144.000 0.126 530 587 12:30:00 13:30:00 14:30:00 15:30:00
55 90 489.000 0.350 308 410 10:00:00 11:30:00 11:00:00 14:00:00
55 5 238.000 0.234 499 492 14:00:00 16:00:00 14:00:00 17:00:00
52 30 138.000 0.074 400 364 13:00:00 14:30:00 13:00:00 14:00:00
69 9 642.000 0.791 437 584 14:00:00 15:30:00 17:00:00 20:00:00
57 93 641.000 0.376 312 310 12:30:00 13:30:00 13:30:00 15:30:00
98 78 775.000 0.491 553 333 10:30:00 11:30:00 11:30:00 13:30:00
76 50 713.000 1.058 324 492 10:00:00 11:30:00 11:00:00 13:00:00
63 74 85.000 0.056 522 553 08:30:00 10:30:00 09:30:00 11:30:00
18 7 932.000 0.650 505 436 12:30:00 14:30:00 12:30:00 15:30:00
86 48 85.000 0.093 425 596 11:30:00 12:30:00 12:30:00 15:30:00
29 96 743.000 0.399 406 467 12:30:00 14:00:00 14:30:00 17:30:00
10 25 855.000 0.825 539 406 09:30:00 10:30:00 11:30:00 13:30:00
37 62 648.000 0.724 413 327 12:00:00 14:00:00 13:00:00 15:00:00
31 91 35.000 0.050 586 523 12:30:00 13:30:00 13:30:00 16:30:00
17 94 950.000 1.397 344 577 11:00:00 12:30:00 13:00:00 15:00:00
26 19 669.000 0.339 429 308 11:30:00 12:30:00 12:30:00 14:30:00
17 71 385.000 0.480 528 336 09:30:00 11:30:00 11:30:00 12:30:00
12 41 251.000 0.252 383 466 12:00:00 13:00:00 14:00:00 15:00:00
89 57 108.000 0.083 457 478 09:30:00 11:30:00 11:30:00 12:30:00
91 33 859.000 1.285 517 390 09:00:00 10:00:00 09:00:00 11:00:00
63 3 240.000 0.222 495 306 11:30:00 12:30:00 12:30:00 15:30:00
77 23 880.000 0.705 512 576 10:30:00 12:00:00 12:30:00 15:30:00
13 45 562.000 0.382 500 343 09:30:00 11:00:00 12:30:00 15:30:00
9 91 453.000 0.670 518 419 12:30:00 13:30:00 13:30:00 15:30:00
76 14 710.000 0.618 442 439 10:30:00 12:30:00 11:30:00 12:30:00
30 59 437.000 0.423 397 304 08:30:00 10:30:00 10:30:00 13:30:00
33 66 517.000 0.507 579 323 13:30:00 15:00:00 15:30:00 18:30:00
41 17 489.000 0.400 489 413 11:30:00 13:00:00 13:30:00 14:30:00
65 39 13.000 0.009 459 401 11:00:00 13:00:00 13:00:00 14:00:00
50 96 523.000 0.544 316 377 14:00:00 15:30:00 16:00:00 17:00:00
11 68 56.000 0.072 524 522 11:30:00 12:30:00 12:30:00 15:30:00
35 69 442.000 0.606 568 474 08:30:00 10:00:00 11:30:00 13:30:00
46 19 16.000 0.024 352 546 14:00:00 15:00:00 15:00:00 18:00:00
45 41 335.000 0.267 476 427 12:30:00 14:30:00 13:30:00 14:30:00
66 92 472.000 0.358 300 417 08:30:00 10:30:00 09:30:00 10:30:00
6 58 503.000 0.586 575 546 10:00:00 12:00:00 11:00:00 12:00:00
4 53 902.000 0.745 353 484 11:00:00 13:00:00 14:00:00 16:00:00
26 71 337.000 0.436 493 523 11:30:00 13:30:00 12:30:00 13:30:00
77 93 551.000 0.435 595 352 12:00:00 14:00:00 12:00:00 13:00:00
61 85 730.000 0.755 350 482 13:00:00 14:30:00 15:00:00 18:00:00
18 83 67.000 0.041 388 425 13:00:00 14:00:00 14:00:00 17:00:00
22 94 39.000 0.049 393 495 08:00:00 09:30:00 10:00:00 13:00:00
46 84 866.000 1.036 533 490 14:00:00 16:00:00 16:00:00 19:00:00
18 30 754.000 0.889 313 400 13:00:00 14:30:00 16:00:00 17:00:00
19 64 814.000 1.145 454 576 11:00:00 12:00:00 12:00:00 15:00:00
67 32 943.000 1.130 322 555 08:30:00 10:30:00 09:30:00 10:30:00
63 11 947.000 0.535 580 565 10:30:00 12:00:00 12:30:00 15:30:00
65 95 585.000 0.450 315 400 13:00:00 14:00:00 13:00:00 14:00:00
34 12 68.000 0.062 345 475 13:00:00 14:00:00 14:00:00 17:00:00
89 22 593.000 0.651 597 309 11:30:00 13:30:00 12:30:00 14:30:00
60 98 1000.000 1.399 520 420 10:00:00 11:30:00 11:00:00 13:00:00
54 86 742.000 0.519 467 308 11:00:00 12:30:00 12:00:00 14:00:00
9 8 260.000 0.314 449 375 13:30:00 14:30:00 15:30:00 18:30:00
85 29 547.000 0.353 381 314 14:00:00 15:00:00 14:00:00 15:00:00
94 5 106.000 0.127 517 355 08:30:00 09:30:00 10:30:00 11:30:00
80 37 556.000 0.630 454 330 12:00:00 14:00:00 14:00:00 17:00:00
71 55 73.000 0.049 301 415 09:30:00 11:00:00 09:30:00 11:30:00
61 15 939.000 1.086 590 538 10:00:00 11:00:00 11:00:00 12:00:00
71 32 62.000 0.045 581 590 09:00:00 11:00:00 11:00:00 14:00:00
3 29 722.000 1.009 547 445 08:30:00 10:30:00 09:30:00 11:30:00
78 45 684.000 0.716 340 485 11:00:00 12:30:00 13:00:00 14:00:00
69 31 256.000 0.247 358 312 09:30:00 10:30:00 11:30:00 13:30:00
77 7 703.000 0.832 323 570 08:00:00 09:00:00 10:00:00 12:00:00
51 96 489.000 0.499 301 383 11:30:00 13:00:00 12:30:00 14:30:00
46 88 463.000 0.390 558 359 10:30:00 11:30:00 11:30:00 14:30:00
42 84 89.000 0.046 476 516 11:30:00 12:30:00 12:30:00 14:30:00
98 47 770.000 0.905 317 387 10:30:00 11:30:00 10:30:00 11:30:00
90 74 481.000 0.276 577 486 12:30:00 13:30:00 13:30:00 14:30:00
80 86 714.000 1.025 535 583 09:00:00 10:30:00 09:00:00 10:00:00
53 22 261.000 0.387 336 488 09:30:00 11:00:00 09:30:00 12:30:00
79 99 497.000 0.440 311 476 11:30:00 13:00:00 12:30:00 13:30:00
3 65 540.000 0.579 457 570 09:00:00 10:30:00 11:00:00 13:00:00
99 92 961.000 0.971 491 367 13:30:00 15:00:00 15:30:00 17:30:00
76 91 377.000 0.285 472 303 09:30:00 10:30:00 11:30:00 13:30:00
96 67 457.000 0.314 337 598 09:30:00 11:00:00 11:30:00 12:30:00
9 41 361.000 0.474 454 312 10:30:00 12:30:00 11:30:00 12:30:00
31 50 180.000 0.104 513 338 10:00:00 11:00:00 11:00:00 12:00:00
70 40 309.000 0.329 362 573 12:00:00 13:30:00 14:00:00 17:00:00
16 30 67.000 0.080 563 371 09:30:00 11:30:00 11:30:00 13:30:00
15 67 989.000 0.663 568 599 10:30:00 12:00:00 11:30:00 12:30:00
79 7 428.000 0.348 323 571 10:30:00 11:30:00 13:30:00 15:30:00
35 3 588.000 0.539 563 453 12:30:00 13:30:00 13:30:00 16:30:00
7 71 860.000 0.692 596 533 10:00:00 11:30:00 12:00:00 13:00:00
27 94 586.000 0.565 471 444 14:00:00 15:00:00 16:00:00 18:00:00
20 97 716.000 0.753 592 353 09:00:00 11:00:00 12:00:00 14:00:00
87 10 866.000 1.027 519 559 10:30:00 12:30:00 11:30:00 12:30:00
69 70 457.000 0.563 378 574 11:30:00 12:30:00 12:30:00 15:30:00
25 12 586.000 0.716 571 457 09:30:00 11:30:00 10:30:00 13:30:00
59 96 723.000 1.072 531 403 12:30:00 13:30:00 13:30:00 14:30:00
9 6 703.000 0.955 518 357 08:00:00 09:00:00 09:00:00 11:00:00
14 33 93.000 0.063 367 520 08:00:00 10:00:00 10:00:00 12:00:00
84 65 265.000 0.322 346 390 14:00:00 16:00:00 16:00:00 17:00:00
93 32 620.000 0.856 518 528 11:00:00 12:30:00 13:00:00 14:00:00
67 88 809.000 0.506 425 559 11:30:00 13:00:00 13:30:00 14:30:00
57 48 157.000 0.100 360 451 13:00:00 15:00:00 13:00:00 15:00:00
25 77 695.000 0.410 389 572 12:30:00 14:00:00 13:30:00 15:30:00
24 40 610.000 0.809 337 386 14:00:00 15:00:00 16:00:00 18:00:00
100 15 416.000 0.476 336 569 10:00:00 12:00:00 11:00:00 14:00:00
47 38 916.000 1.363 316 388 09:30:00 10:30:00 11:30:00 12:30:00
63 17 525.000 0.330 442 484 13:00:00 15:00:00 13:00:00 16:00:00
83 3 776.000 0.711 365 452 08:00:00 10:00:00 10:00:00 13:00:00
55 44 825.000 1.237 522 421 09:30:00 10:30:00 10:30:00 12:30:00
74 61 176.000 0.101 585 401 11:00:00 13:00:00 14:00:00 16:00:00
21 92 989.000 1.413 372 377 08:30:00 10:30:00 10:30:00 12:30:00
77 38 817.000 1.065 390 412 10:00:00 11:00:00 12:00:00 13:00:00
23 3 603.000 0.524 354 429 13:00:00 14:00:00 13:00:00 14:00:00
64 35 973.000 0.825 553 503 11:00:00 12:00:00 12:00:00 15:00:00
96 80 662.000 0.426 559 461 09:00:00 10:00:00 10:00:00 13:00:00
93 73 629.000 0.438 511 535 08:30:00 10:30:00 09:30:00 10:30:00
57 59 750.000 0.840 496 524 09:30:00 11:00:00 10:30:00 12:30:00
46 75 692.000 0.753 538 564 12:00:00 13:00:00 14:00:00 17:00:00
5 24 853.000 0.960 511 542 08:30:00 09:30:00 10:30:00 11:30:00
47 29 856.000 1.116 541 409 13:30:00 15:30:00 13:30:00 14:30:00
93 33 313.000 0.187 461 547 11:00:00 13:00:00 14:00:00 16:00:00
29 40 229.000 0.247 371 478 13:00:00 14:00:00 14:00:00 17:00:00
46 26 211.000 0.253 416 580 13:30:00 15:00:00 13:30:00 14:30:00
80 94 483.000 0.244 536 333 09:30:00 11:30:00 10:30:00 13:30:00
66 65 519.000 0.467 532 408 14:00:00 15:30:00 14:00:00 15:00:00
46 60 170.000 0.211 362 469 14:00:00 15:30:00 16:00:00 18:00:00
44 62 604.000 0.417 586 326 09:00:00 10:00:00 09:00:00 11:00:00
24 48 397.000 0.423 330 365 12:30:00 14:30:00 13:30:00 15:30:00
87 69 598.000 0.645 424 328 08:00:00 10:00:00 11:00:00 14:00:00
13 35 453.000 0.303 462 370 12:00:00 13:00:00 13:00:00 15:00:00
65 51 961.000 1.004 367 454 09:30:00 10:30:00 10:30:00 13:30:00
89 74 816.000 0.880 537 388 09:30:00 10:30:00 10:30:00 11:30:00
41 22 320.000 0.442 426 420 11:30:00 12:30:00 12:30:00 13:30:00
58 100 337.000 0.448 550 457 12:30:00 13:30:00 13:30:00 15:30:00
95 93 271.000 0.168 517 513 10:00:00 11:30:00 11:00:00 14:00:00
6 54 592.000 0.629 576 354 08:00:00 09:30:00 10:00:00 11:00:00
94 46 853.000 1.064 421 561 08:00:00 09:00:00 09:00:00 12:00:00
40 19 108.000 0.083 554 550 12:30:00 14:30:00 13:30:00 15:30:00
99 93 917.000 0.625 429 416 10:00:00 11:00:00 11:00:00 13:00:00
36 58 71.000 0.055 442 380 11:00:00 12:30:00 12:00:00 14:00:00
4 53 719.000 0.385 385 528 14:00:00 15:30:00 17:00:00 18:00:00
65 86 627.000 0.412 337 341 13:00:00 14:30:00 14:00:00 16:00:00
94 69 874.000 1.254 509 396 13:00:00 14:00:00 14:00:00 16:00:00
24 100 732.000 0.987 542 506 14:00:00 15:00:00 14:00:00 17:00:00
24 89 468.000 0.273 400 358 11:00:00 12:00:00 13:00:00 15:00:00
67 59 686.000 0.359 429 398 09:00:00 10:30:00 11:00:00 13:00:00
84 89 620.000 0.897 390 475 14:00:00 15:30:00 17:00:00 19:00:00
46 55 159.000 0.089 394 391 09:30:00 10:30:00 10:30:00 13:30:00
76 37 439.000 0.640 580 385 13:30:00 15:00:00 15:30:00 16:30:00
86 27 671.000 0.695 581 570 13:00:00 14:30:00 15:00:00 16:00:00
36 74 138.000 0.117 531 317 11:30:00 13:00:00 12:30:00 15:30:00
32 45 343.000 0.332 300 328 09:00:00 10:30:00 11:00:00 12:00:00
41 82 624.000 0.899 531 449 08:30:00 10:30:00 09:30:00 11:30:00
64 46 727.000 0.510 424 383 10:30:00 12:30:00 10:30:00 12:30:00
46 71 484.000 0.589 492 552 08:30:00 09:30:00 09:30:00 10:30:00
69 71 844.000 0.447 456 565 11:30:00 13:00:00 12:30:00 14:30:00
25 9 312.000 0.364 417 328 08:30:00 10:00:00 09:30:00 11:30:00
91 13 1.000 0.001 375 584 08:00:00 09:30:00 09:00:00 11:00:00
45 27 437.000 0.378 492 388 08:30:00 10:00:00 09:30:00 11:30:00
47 60 53.000 0.067 556 310 14:00:00 15:30:00 15:00:00 17:00:00
46 26 149.000 0.205 574 443 10:00:00 11:30:00 11:00:00 12:00:00
59 35 302.000 0.169 555 515 13:00:00 14:00:00 14:00:00 16:00:00
25 1 576.000 0.482 376 500 09:00:00 10:00:00 10:00:00 12:00:00
26 30 852.000 1.097 494 544 12:30:00 14:00:00 14:30:00 16:30:00
85 20 980.000 0.681 358 307 08:00:00 10:00:00 09:00:00 10:00:00
21 33 767.000 0.554 457 553 13:30:00 15:00:00 15:30:00 17:30:00
30 29 40.000 0.041 594 390 12:00:00 13:30:00 13:00:00 14:00:00
31 19 149.000 0.083 490 482 14:00:00 15:00:00 17:00:00 19:00:00
28 70 394.000 0.210 331 592 10:00:00 11:00:00 11:00:00 12:00:00
17 62 718.000 1.010 520 345 08:30:00 10:00:00 08:30:00 10:30:00
7 92 871.000 0.971 595 543 13:30:00 15:30:00 15:30:00 17:30:00
18 13 882.000 0.853 321 452 11:00:00 12:30:00 12:00:00 13:00:00
25 100 154.000 0.100 594 541 09:00:00 10:30:00 10:00:00 11:00:00
89 78 214.000 0.150 558 302 09:00:00 10:30:00 10:00:00 11:00:00
91 39 824.000 0.737 401 405 08:30:00 09:30:00 11:30:00 12:30:00
27 31 210.000 0.277 335 443 14:00:00 15:00:00 15:00:00 16:00:00
72 76 10.000 0.009 594 422 13:00:00 15:00:00 15:00:00 17:00:00
55 83 934.000 0.643 455 560 10:30:00 12:30:00 10:30:00 12:30:00
88 44 348.000 0.377 389 468 08:00:00 09:00:00 09:00:00 12:00:00
8 14 861.000 0.815 446 371 11:30:00 13:30:00 13:30:00 16:30:00
37 54 550.000 0.763 423 425 12:00:00 13:30:00 13:00:00 14:00:00
63 76 625.000 0.361 485 503 08:30:00 10:30:00 09:30:00 10:30:00
71 95 217.000 0.267 326 438 09:00:00 10:30:00 10:00:00 12:00:00
22 68 129.000 0.124 529 559 11:00:00 12:30:00 11:00:00 14:00:00
36 41 667.000 0.755 585 522 12:30:00 14:00:00 12:30:00 15:30:00
51 33 873.000 0.752 570 513 12:00:00 13:30:00 13:00:00 15:00:00
29 71 622.000 0.682 304 414 14:00:00 16:00:00 16:00:00 18:00:00
36 72 345.000 0.459 382 561 10:30:00 12:00:00 11:30:00 14:30:00
11 59 373.000 0.297 506 314 13:00:00 14:30:00 15:00:00 16:00:00
22 42 576.000 0.455 425 311 09:00:00 10:00:00 11:00:00 14:00:00
94 51 680.000 0.522 374 584 14:00:00 15:30:00 16:00:00 17:00:00
12 93 825.000 0.866 416 560 09:00:00 10:00:00 10:00:00 12:00:00
68 1 226.000 0.171 540 448 08:00:00 09:30:00 10:00:00 12:00:00
61 83 837.000 0.602 570 479 12:30:00 14:30:00 13:30:00 14:30:00
32 25 808.000 0.990 401 583 10:00:00 12:00:00 11:00:00 13:00:00
25 35 771.000 1.042 497 324 08:30:00 09:30:00 09:30:00 12:30:00
80 56 29.000 0.034 332 527 08:00:00 10:00:00 09:00:00 11:00:00
5 49 566.000 0.408 533 575 08:30:00 09:30:00 10:30:00 12:30:00
55 77 455.000 0.527 521 384 09:00:00 11:00:00 11:00:00 13:00:00
81 30 538.000 0.607 389 543 13:00:00 14:30:00 13:00:00 16:00:00
88 37 53.000 0.057 328 366 09:30:00 10:30:00 09:30:00 10:30:00
84 88 824.000 0.739 596 394 12:30:00 14:00:00 12:30:00 15:30:00
73 21 933.000 1.356 324 533 08:30:00 10:30:00 08:30:00 10:30:00
68 67 691.000 0.945 526 328 09:30:00 11:30:00 10:30:00 13:30:00
34 4 911.000 0.674 327 310 11:30:00 12:30:00 13:30:00 14:30:00
64 62 566.000 0.622 351 318 10:00:00 11:00:00 11:00:00 13:00:00
39 79 465.000 0.445 572 321 12:30:00 14:00:00 14:30:00 17:30:00
99 44 235.000 0.315 319 452 12:30:00 14:30:00 15:30:00 17:30:00
6 82 652.000 0.822 498 571 12:00:00 13:00:00 12:00:00 14:00:00
1 56 156.000 0.128 350 388 13:30:00 15:30:00 14:30:00 16:30:00
49 11 496.000 0.456 548 589 10:30:00 12:30:00 14:30:00 15:30:00
38 50 801.000 0.727 534 584 10:00:00 11:30:00 12:00:00 15:00:00
97 63 538.000 0.565 351 332 08:30:00 10:30:00 10:30:00 11:30:00
95 27 179.000 0.223 328 305 10:00:00 12:00:00 10:00:00 13:00:00
100 28 693.000 0.591 495 442 14:00:00 16:00:00 15:00:00 18:00:00
43 49 104.000 0.137 547 573 08:30:00 09:30:00 10:30:00 11:30:00
32 71 54.000 0.068 452 578 09:00:00 10:00:00 11:00:00 12:00:00
30 32 279.000 0.379 352 589 10:00:00 11:00:00 11:00:00 12:00:00
9 57 172.000 0.111 403 311 14:00:00 15:30:00 17:00:00 19:00:00
100 89 262.000 0.143 435 592 14:00:00 15:30:00 17:00:00 19:00:00
68 100 55.000 0.037 312 314 12:00:00 13:00:00 14:00:00 16:00:00
13 32 890.000 0.735 547 499 11:00:00 12:30:00 11:00:00 12:00:00
88 58 504.000 0.499 582 429 08:00:00 10:00:00 08:00:00 09:00:00
47 84 598.000 0.630 432 402 10:00:00 11:30:00 11:00:00 12:00:00
96 24 633.000 0.534 402 369 11:00:00 12:00:00 13:00:00 16:00:00
36 80 655.000 0.755 599 450 13:30:00 15:00:00 15:30:00 17:30:00
50 91 205.000 0.139 505 519 10:30:00 11:30:00 11:30:00 13:30:00
69 86 775.000 0.530 351 584 13:00:00 14:30:00 16:00:00 19:00:00
75 60 851.000 0.890 460 427 09:30:00 11:00:00 13:30:00 16:30:00
47 51 264.000 0.254 546 358 08:00:00 10:00:00 09:00:00 12:00:00
47 21 255.000 0.371 460 586 10:00:00 11:30:00 10:00:00 12:00:00
36 93 19.000 0.015 370 436 10:30:00 12:30:00 11:30:00 12:30:00
83 16 106.000 0.130 401 473 12:00:00 14:00:00 14:00:00 17:00:00
92 15 224.000 0.304 300 549 12:00:00 13:30:00 12:00:00 15:00:00
69 75 153.000 0.206 435 438 14:00:00 15:30:00 14:00:00 16:00:00
1 44 520.000 0.510 370 591 14:00:00 15:30:00 14:00:00 16:00:00
80 100 283.000 0.251 419 550 14:00:00 16:00:00 15:00:00 16:00:00
89 100 426.000 0.595 469 431 14:00:00 15:00:00 16:00:00 18:00:00
99 78 399.000 0.539 488 363 13:30:00 15:00:00 15:30:00 16:30:00
63 56 82.000 0.098 418 472 10:00:00 12:00:00 11:00:00 14:00:00
46 24 244.000 0.211 518 335 13:30:00 14:30:00 14:30:00 16:30:00
55 25 32.000 0.018 329 422 11:30:00 12:30:00 12:30:00 13:30:00
11 62 133.000 0.163 522 349 09:30:00 11:30:00 10:30:00 11:30:00
78 39 176.000 0.254 425 439 12:30:00 14:00:00 13:30:00 15:30:00
82 49 548.000 0.795 307 351 09:30:00 11:30:00 11:30:00 13:30:00
4 77 541.000 0.283 374 454 10:30:00 12:30:00 13:30:00 14:30:00
49 31 574.000 0.665 316 484 09:00:00 10:00:00 09:00:00 10:00:00
92 23 11.000 0.016 564 568 08:30:00 09:30:00 10:30:00 13:30:00
58 42 286.000 0.279 523 572 08:30:00 10:30:00 09:30:00 11:30:00
10 44 868.000 0.664 590 591 08:30:00 10:30:00 09:30:00 10:30:00
13 92 694.000 0.631 520 597 09:30:00 10:30:00 10:30:00 13:30:00
43 41 90.000 0.089 442 420 13:00:00 15:00:00 13:00:00 16:00:00
72 44 467.000 0.455 445 388 11:30:00 13:30:00 11:30:00 13:30:00
82 47 758.000 0.595 514 450 10:00:00 11:00:00 11:00:00 12:00:00
33 84 240.000 0.304 489 583 12:00:00 13:00:00 13:00:00 14:00:00
13 40 936.000 0.700 579 307 10:00:00 11:00:00 11:00:00 14:00:00
44 19 413.000 0.362 523 372 13:00:00 14:00:00 13:00:00 14:00:00
58 3 440.000 0.487 576 424 10:30:00 12:30:00 11:30:00 13:30:00
17 91 368.000 0.407 421 575 12:00:00 14:00:00 13:00:00 16:00:00
59 85 532.000 0.707 582 305 11:00:00 13:00:00 13:00:00 14:00:00
43 83 197.000 0.134 469 472 12:00:00 13:30:00 13:00:00 15:00:00
75 78 155.000 0.190 382 551 12:30:00 14:30:00 13:30:00 15:30:00
5 74 162.000 0.113 495 325 14:00:00 16:00:00 16:00:00 19:00:00
19 74 80.000 0.097 362 324 10:00:00 12:00:00 12:00:00 13:00:00
44 47 533.000 0.569 584 461 14:00:00 16:00:00 15:00:00 18:00:00
52 5 234.000 0.256 376 598 08:30:00 10:00:00 08:30:00 11:30:00
18 65 617.000 0.317 566 596 14:00:00 16:00:00 15:00:00 17:00:00
42 92 867.000 0.944 420 555 13:00:00 14:00:00 15:00:00 16:00:00
26 29 174.000 0.166 409 430 14:00:00 16:00:00 15:00:00 17:00:00
49 68 55.000 0.076 590 597 13:30:00 14:30:00 16:30:00 17:30:00
37 30 889.000 0.924 485 541 11:30:00 12:30:00 13:30:00 16:30:00
82 83 607.000 0.904 384 503 09:30:00 10:30:00 10:30:00 12:30:00
44 64 924.000 1.027 440 392 10:30:00 12:00:00 11:30:00 13:30:00
13 77 846.000 0.834 456 403 14:00:00 15:30:00 16:00:00 19:00:00
39 24 6.000 0.005 593 317 11:30:00 12:30:00 11:30:00 12:30:00
17 2 340.000 0.355 436 512 13:30:00 14:30:00 14:30:00 17:30:00
84 36 829.000 0.939 437 334 09:30:00 11:30:00 10:30:00 13:30:00
60 41 369.000 0.289 348 566 11:30:00 13:30:00 12:30:00 14:30:00
7 6 2.000 0.002 570 555 10:30:00 11:30:00 11:30:00 13:30:00
4 40 195.000 0.193 464 573 12:00:00 14:00:00 12:00:00 13:00:00
65 14 14.000 0.013 470 378 11:00:00 13:00:00 11:00:00 14:00:00
78 38 538.000 0.516 332 555 10:30:00 11:30:00 12:30:00 14:30:00
15 56 291.000 0.275 482 435 12:00:00 13:00:00 13:00:00 15:00:00
57 4 715.000 0.786 341 325 10:00:00 11:00:00 11:00:00 13:00:00
50 77 598.000 0.499 447 526 13:00:00 14:30:00 13:00:00 14:00:00
70 76 140.000 0.167 581 371 10:00:00 11:00:00 10:00:00 12:00:00
7 10 291.000 0.163 484 346 14:00:00 16:00:00 15:00:00 17:00:00
94 97 584.000 0.847 457 535 14:00:00 15:30:00 16:00:00 18:00:00
4 74 792.000 0.805 449 315 13:00:00 14:00:00 14:00:00 16:00:00
12 92 875.000 0.930 425 407 08:30:00 10:00:00 10:30:00 11:30:00
37 76 222.000 0.239 599 319 11:00:00 12:00:00 12:00:00 15:00:00
36 64 831.000 0.843 336 383 08:30:00 10:00:00 10:30:00 13:30:00
71 41 869.000 0.774 528 485 14:00:00 15:30:00 15:00:00 17:00:00
55 4 495.000 0.526 465 454 10:00:00 11:30:00 10:00:00 11:00:00
95 27 464.000 0.477 548 479 10:30:00 11:30:00 11:30:00 13:30:00
81 17 291.000 0.174 558 530 14:00:00 15:30:00 15:00:00 16:00:00
50 86 56.000 0.060 589 458 09:00:00 10:00:00 10:00:00 13:00:00
47 28 45.000 0.041 436 573 10:30:00 11:30:00 10:30:00 13:30:00
92 35 932.000 0.766 379 402 12:30:00 14:00:00 14:30:00 15:30:00
30 86 3.000 0.003 427 474 08:30:00 09:30:00 10:30:00 12:30:00
94 66 929.000 0.996 484 326 09:30:00 10:30:00 11:30:00 12:30:00
89 98 653.000 0.441 550 478 09:00:00 10:30:00 11:00:00 14:00:00
32 90 166.000 0.169 427 364 13:30:00 15:30:00 15:30:00 16:30:00
89 64 321.000 0.221 421 464 13:00:00 14:30:00 13:00:00 16:00:00
55 87 426.000 0.436 518 302 14:00:00 15:30:00 15:00:00 17:00:00
42 75 501.000 0.534 422 354 10:30:00 12:00:00 11:30:00 14:30:00
87 3 738.000 1.034 501 549 09:30:00 10:30:00 10:30:00 13:30:00
44 11 509.000 0.503 558 584 14:00:00 16:00:00 15:00:00 18:00:00
72 91 973.000 0.991 573 553 11:30:00 13:00:00 12:30:00 14:30:00
52 16 805.000 1.034 533 564 08:00:00 09:00:00 09:00:00 12:00:00
34 73 922.000 0.963 370 357 13:00:00 14:00:00 14:00:00 16:00:00
24 2 344.000 0.473 531 500 12:30:00 14:30:00 13:30:00 15:30:00
94 33 452.000 0.594 399 516 11:30:00 12:30:00 15:30:00 18:30:00
13 42 210.000 0.200 480 469 11:00:00 13:00:00 12:00:00 14:00:00
18 12 764.000 0.627 506 445 12:30:00 14:00:00 15:30:00 17:30:00
43 45 834.000 1.031 502 325 14:00:00 15:30:00 16:00:00 17:00:00
44 30 752.000 0.429 395 528 10:00:00 12:00:00 10:00:00 13:00:00
45 79 659.000 0.583 538 383 13:00:00 15:00:00 16:00:00 19:00:00
83 16 81.000 0.042 525 352 08:00:00 09:30:00 09:00:00 12:00:00
46 26 245.000 0.257 594 429 12:00:00 13:00:00 12:00:00 15:00:00
62 34 931.000 1.160 432 383 13:30:00 15:00:00 13:30:00 14:30:00
88 71 590.000 0.666 460 421 09:00:00 11:00:00 12:00:00 13:00:00
22 6 816.000 0.990 434 499 11:30:00 13:00:00 11:30:00 12:30:00
12 84 847.000 1.222 337 431 09:30:00 11:30:00 12:30:00 13:30:00
53 96 421.000 0.236 560 367 13:30:00 14:30:00 15:30:00 16:30:00
2 79 388.000 0.535 300 315 12:00:00 13:00:00 15:00:00 18:00:00
71 24 65.000 0.067 450 410 12:30:00 13:30:00 14:30:00 15:30:00
22 19 299.000 0.204 433 595 11:00:00 12:00:00 13:00:00 14:00:00
65 46 850.000 0.468 446 542 11:00:00 13:00:00 12:00:00 13:00:00
86 2 769.000 1.036 506 487 08:30:00 10:00:00 09:30:00 12:30:00
52 41 626.000 0.766 346 500 14:00:00 15:00:00 15:00:00 17:00:00
25 85 816.000 0.689 552 319 14:00:00 15:00:00 16:00:00 19:00:00
88 31 346.000 0.421 444 499 11:30:00 13:00:00 13:30:00 15:30:00
3 42 805.000 0.864 533 352 13:30:00 15:00:00 13:30:00 15:30:00
84 66 846.000 1.227 526 491 08:00:00 10:00:00 10:00:00 12:00:00
63 91 585.000 0.823 318 322 09:30:00 11:30:00 10:30:00 13:30:00
60 67 104.000 0.081 498 367 14:00:00 15:00:00 15:00:00 18:00:00
26 35 822.000 1.096 335 387 08:30:00 09:30:00 08:30:00 10:30:00
93 19 801.000 0.596 431 386 13:00:00 14:00:00 16:00:00 19:00:00
93 22 820.000 1.154 571 522 12:00:00 14:00:00 12:00:00 14:00:00
24 66 957.000 1.416 361 565 09:00:00 10:00:00 09:00:00 10:00:00
54 13 683.000 0.940 457 489 09:30:00 11:00:00 10:30:00 12:30:00
43 32 661.000 0.793 538 380 13:30:00 15:00:00 14:30:00 15:30:00
42 63 835.000 0.946 470 582 09:30:00 11:00:00 09:30:00 10:30:00
100 37 666.000 0.888 529 327 11:00:00 12:30:00 13:00:00 16:00:00
11 69 418.000 0.375 325 506 12:30:00 14:30:00 15:30:00 17:30:00
70 45 600.000 0.686 555 464 09:30:00 11:30:00 10:30:00 11:30:00
15 48 294.000 0.185 487 580 11:30:00 13:00:00 12:30:00 13:30:00
16 19 385.000 0.519 548 447 10:00:00 12:00:00 12:00:00 13:00:00
28 97 860.000 0.709 499 353 10:30:00 12:30:00 11:30:00 12:30:00
16 66 651.000 0.672 383 319 10:30:00 12:00:00 10:30:00 12:30:00
42 4 7.000 0.008 570 349 10:00:00 11:00:00 10:00:00 11:00:00
85 30 140.000 0.196 473 438 11:00:00 13:00:00 13:00:00 16:00:00
64 12 67.000 0.089 583 330 11:00:00 12:30:00 12:00:00 15:00:00
36 91 813.000 0.615 502 548 08:00:00 10:00:00 10:00:00 12:00:00
16 94 908.000 0.851 418 438 14:00:00 15:30:00 17:00:00 18:00:00
29 60 484.000 0.349 537 460 11:00:00 12:00:00 14:00:00 17:00:00
48 14 787.000 1.168 309 334 11:30:00 13:30:00 12:30:00 14:30:00
69 57 486.000 0.531 422 533 08:30:00 10:00:00 09:30:00 11:30:00
62 91 136.000 0.082 479 473 14:00:00 15:00:00 15:00:00 16:00:00
37 82 940.000 1.127 401 407 12:30:00 14:00:00 13:30:00 14:30:00
56 61 134.000 0.128 500 303 11:30:00 13:00:00 14:30:00 16:30:00
5 91 844.000 0.892 357 519 11:00:00 13:00:00 11:00:00 13:00:00
99 68 347.000 0.350 380 479 14:00:00 16:00:00 16:00:00 19:00:00
26 100 771.000 0.396 410 355 08:00:00 10:00:00 09:00:00 11:00:00
38 65 710.000 0.854 444 550 12:30:00 14:30:00 12:30:00 13:30:00
42 11 697.000 0.923 483 498 11:00:00 12:00:00 12:00:00 13:00:00
36 4 446.000 0.495 414 532 13:30:00 15:30:00 14:30:00 15:30:00
14 91 462.000 0.292 335 517 12:00:00 13:00:00 13:00:00 15:00:00
34 22 247.000 0.363 488 594 09:30:00 11:00:00 10:30:00 11:30:00
76 6 51.000 0.058 354 318 14:00:00 15:30:00 15:00:00 16:00:00
55 72 23.000 0.031 467 309 10:30:00 12:00:00 10:30:00 12:30:00
78 98 371.000 0.535 467 341 11:00:00 13:00:00 13:00:00 14:00:00
56 28 915.000 0.716 337 332 09:30:00 11:00:00 09:30:00 11:30:00
93 36 931.000 0.963 420 328 12:30:00 14:30:00 13:30:00 14:30:00
4 26 123.000 0.158 360 565 09:00:00 10:30:00 10:00:00 11:00:00
87 9 639.000 0.723 365 426 11:30:00 13:30:00 11:30:00 13:30:00
52 42 316.000 0.182 468 421 09:30:00 10:30:00 10:30:00 11:30:00
40 53 831.000 0.809 381 442 10:30:00 12:30:00 12:30:00 13:30:00
7 81 791.000 1.126 599 368 10:00:00 12:00:00 13:00:00 16:00:00
45 9 801.000 0.576 518 449 12:30:00 14:30:00 14:30:00 16:30:00
85 20 133.000 0.112 488 470 10:30:00 12:00:00 11:30:00 12:30:00
46 41 728.000 0.546 382 447 11:00:00 12:30:00 11:00:00 14:00:00
5 32 806.000 0.444 382 539 11:30:00 13:00:00 12:30:00 13:30:00
57 74 117.000 0.170 386 366 13:00:00 14:30:00 13:00:00 16:00:00
99 72 938.000 0.714 509 520 10:00:00 12:00:00 13:00:00 16:00:00
24 29 492.000 0.540 499 381 12:30:00 14:30:00 13:30:00 16:30:00
94 91 654.000 0.480 566 547 09:30:00 11:30:00 12:30:00 13:30:00
89 23 378.000 0.385 383 366 10:30:00 12:00:00 11:30:00 14:30:00
42 90 99.000 0.128 366 460 11:30:00 12:30:00 12:30:00 14:30:00
7 39 397.000 0.404 362 344 09:30:00 11:30:00 12:30:00 13:30:00
70 25 219.000 0.190 472 470 10:00:00 11:30:00 12:00:00 14:00:00
95 38 196.000 0.261 349 500 13:30:00 14:30:00 15:30:00 17:30:00
93 60 949.000 0.670 513 469 08:00:00 09:00:00 11:00:00 14:00:00
11 78 577.000 0.600 422 502 13:00:00 14:30:00 16:00:00 19:00:00
13 24 715.000 0.623 308 420 08:30:00 10:00:00 10:30:00 13:30:00
46 98 467.000 0.440 548 592 13:30:00 15:00:00 15:30:00 16:30:00
51 50 952.000 1.029 398 545 14:00:00 16:00:00 14:00:00 16:00:00
1 100 568.000 0.453 509 541 13:00:00 15:00:00 14:00:00 15:00:00
88 60 263.000 0.170 429 459 09:30:00 11:30:00 09:30:00 12:30:00
28 95 850.000 1.102 442 523 10:30:00 12:30:00 11:30:00 13:30:00
49 82 834.000 0.896 388 584 13:30:00 15:00:00 15:30:00 16:30:00
45 22 961.000 1.356 522 451 13:30:00 15:00:00 13:30:00 16:30:00
31 52 721.000 0.503 327 580 10:00:00 11:30:00 11:00:00 14:00:00
13 5 193.000 0.098 538 405 12:00:00 13:30:00 13:00:00 16:00:00
65 42 27.000 0.037 435 433 11:30:00 13:30:00 12:30:00 14:30:00
60 52 597.000 0.613 307 387 09:00:00 10:00:00 12:00:00 13:00:00
38 11 584.000 0.761 437 383 12:00:00 13:30:00 14:00:00 15:00:00
79 81 435.000 0.527 329 453 14:00:00 16:00:00 14:00:00 17:00:00
33 42 671.000 0.615 363 318 10:00:00 11:30:00 12:00:00 14:00:00
42 86 409.000 0.597 548 585 11:00:00 13:00:00 12:00:00 13:00:00
2 97 173.000 0.105 331 587 12:30:00 13:30:00 12:30:00 14:30:00
28 47 689.000 0.587 497 589 11:30:00 13:30:00 12:30:00 13:30:00
74 58 720.000 0.989 315 368 13:00:00 15:00:00 15:00:00 17:00:00
97 40 584.000 0.595 459 518 14:00:00 16:00:00 17:00:00 20:00:00
39 27 194.000 0.268 576 460 09:00:00 10:30:00 11:00:00 14:00:00
79 62 869.000 0.887 473 398 14:00:00 15:30:00 17:00:00 20:00:00
2 90 217.000 0.316 439 325 08:00:00 10:00:00 10:00:00 11:00:00
17 63 288.000 0.204 538 330 09:30:00 11:30:00 10:30:00 12:30:00
8 54 414.000 0.479 585 583 12:00:00 14:00:00 15:00:00 16:00:00
7 67 736.000 0.529 371 564 12:00:00 14:00:00 13:00:00 16:00:00
15 13 508.000 0.570 527 592 08:30:00 10:30:00 09:30:00 10:30:00
87 93 553.000 0.397 424 588 10:00:00 12:00:00 11:00:00 13:00:00
97 69 347.000 0.298 537 445 13:30:00 14:30:00 15:30:00 17:30:00
22 38 644.000 0.906 370 349 08:30:00 10:00:00 09:30:00 10:30:00
21 32 477.000 0.568 525 445 12:00:00 13:00:00 14:00:00 16:00:00
78 73 737.000 0.374 596 309 08:00:00 09:00:00 09:00:00 10:00:00
5 31 728.000 0.836 519 368 08:30:00 10:30:00 10:30:00 12:30:00
67 28 314.000 0.271 380 318 13:00:00 14:00:00 14:00:00 15:00:00
24 97 732.000 0.981 531 435 11:00:00 12:30:00 11:00:00 14:00:00
45 53 458.000 0.504 468 333 11:00:00 12:00:00 12:00:00 13:00:00
84 34 783.000 0.792 336 325 10:30:00 11:30:00 11:30:00 13:30:00
97 3 774.000 0.974 405 477 14:00:00 15:00:00 16:00:00 18:00:00
71 81 254.000 0.210 559 516 14:00:00 15:30:00 15:00:00 16:00:00
82 66 153.000 0.186 471 376 12:00:00 13:00:00 12:00:00 14:00:00
10 98 663.000 0.496 442 348 08:30:00 09:30:00 08:30:00 09:30:00
30 25 782.000 0.890 406 361 11:00:00 12:30:00 11:00:00 13:00:00
6 82 469.000 0.429 301 416 09:30:00 11:30:00 10:30:00 11:30:00
40 64 601.000 0.766 444 399 08:30:00 10:00:00 10:30:00 12:30:00
50 87 675.000 0.511 385 315 11:00:00 13:00:00 12:00:00 13:00:00
12 38 271.000 0.396 391 328 10:30:00 12:00:00 11:30:00 13:30:00
1 59 172.000 0.119 448 322 13:00:00 15:00:00 13:00:00 15:00:00
46 43 439.000 0.597 373 477 08:30:00 10:30:00 08:30:00 11:30:00
33 26 905.000 0.719 421 448 14:00:00 15:30:00 15:00:00 18:00:00
39 33 120.000 0.100 466 432 13:30:00 14:30:00 15:30:00 17:30:00
95 3 12.000 0.012 442 469 14:00:00 15:30:00 15:00:00 16:00:00
42 7 412.000 0.328 337 502 13:30:00 15:00:00 14:30:00 15:30:00
100 52 644.000 0.668 482 354 09:00:00 10:00:00 10:00:00 11:00:00
38 75 92.000 0.120 318 351 09:00:00 10:00:00 10:00:00 11:00:00
31 90 2.000 0.001 387 528 08:00:00 09:00:00 11:00:00 14:00:00
28 89 478.000 0.580 546 475 09:00:00 10:00:00 11:00:00 13:00:00
70 48 363.000 0.329 560 552 10:00:00 11:00:00 10:00:00 13:00:00
42 51 340.000 0.421 424 451 10:00:00 12:00:00 12:00:00 13:00:00
83 5 654.000 0.576 430 311 12:30:00 13:30:00 13:30:00 16:30:00
28 31 623.000 0.777 507 596 09:00:00 11:00:00 10:00:00 12:00:00
11 16 936.000 1.018 585 334 09:30:00 11:00:00 10:30:00 11:30:00
78 27 923.000 1.114 429 566 11:00:00 13:00:00 12:00:00 15:00:00
76 31 758.000 0.692 496 516 11:00:00 12:30:00 12:00:00 14:00:00
31 4 548.000 0.522 355 584 11:30:00 12:30:00 12:30:00 15:30:00
37 48 506.000 0.560 578 458 10:30:00 12:00:00 12:30:00 14:30:00
93 14 809.000 0.447 441 391 09:30:00 11:00:00 10:30:00 11:30:00
47 59 633.000 0.483 427 431 11:00:00 12:00:00 14:00:00 16:00:00
38 10 751.000 0.867 340 397 08:00:00 09:00:00 09:00:00 10:00:00
39 82 899.000 1.162 521 397 13:00:00 14:00:00 14:00:00 17:00:00
94 52 817.000 0.567 338 588 09:30:00 10:30:00 11:30:00 14:30:00
84 67 100.000 0.126 509 366 12:00:00 14:00:00 14:00:00 16:00:00
29 95 333.000 0.455 358 566 14:00:00 15:00:00 15:00:00 18:00:00
61 67 450.000 0.280 360 383 12:00:00 14:00:00 14:00:00 17:00:00
75 9 347.000 0.406 320 366 10:30:00 11:30:00 13:30:00 15:30:00
85 60 768.000 1.135 430 321 09:00:00 10:30:00 12:00:00 14:00:00
10 8 41.000 0.042 522 347 13:00:00 14:00:00 14:00:00 15:00:00
70 41 2.000 0.003 305 526 12:00:00 13:00:00 13:00:00 15:00:00
79 46 210.000 0.291 306 320 08:30:00 10:00:00 09:30:00 12:30:00
84 39 818.000 1.059 409 399 14:00:00 15:00:00 16:00:00 17:00:00
68 41 104.000 0.141 555 552 12:00:00 13:00:00 12:00:00 13:00:00
51 90 66.000 0.080 527 547 13:00:00 14:00:00 15:00:00 16:00:00
76 47 782.000 1.019 315 563 13:00:00 14:30:00 14:00:00 16:00:00
34 29 785.000 0.944 544 476 10:30:00 12:30:00 11:30:00 13:30:00
36 42 787.000 0.703 320 414 08:30:00 10:30:00 09:30:00 10:30:00
97 92 707.000 0.937 416 583 10:00:00 12:00:00 12:00:00 14:00:00
66 7 99.000 0.091 519 591 12:30:00 13:30:00 13:30:00 14:30:00
96 76 76.000 0.091 487 365 11:30:00 13:00:00 12:30:00 13:30:00
83 87 496.000 0.309 335 548 12:00:00 13:30:00 13:00:00 14:00:00
74 51 61.000 0.051 593 348 11:00:00 12:30:00 12:00:00 15:00:00
66 20 128.000 0.137 514 342 09:00:00 10:30:00 10:00:00 12:00:00
78 37 26.000 0.029 365 483 10:00:00 11:30:00 12:00:00 14:00:00
66 46 128.000 0.164 531 580 13:00:00 14:30:00 14:00:00 17:00:00
64 45 250.000 0.232 440 462 13:00:00 15:00:00 14:00:00 16:00:00
79 28 826.000 0.793 469 380 09:30:00 11:00:00 10:30:00 12:30:00
83 24 56.000 0.038 407 509 13:00:00 14:30:00 15:00:00 18:00:00
45 76 690.000 0.486 356 424 13:30:00 15:00:00 13:30:00 14:30:00
81 51 89.000 0.130 367 478 09:30:00 10:30:00 10:30:00 12:30:00
77 64 599.000 0.500 416 357 12:00:00 13:30:00 14:00:00 15:00:00
34 30 86.000 0.065 591 493 10:30:00 12:30:00 10:30:00 11:30:00
60 28 911.000 0.661 590 541 11:30:00 12:30:00 13:30:00 15:30:00
49 13 893.000 0.639 358 527 10:30:00 12:30:00 12:30:00 15:30:00
49 97 251.000 0.350 496 578 08:30:00 10:30:00 10:30:00 12:30:00
24 2 42.000 0.056 530 594 08:00:00 10:00:00 08:00:00 09:00:00
5 43 125.000 0.134 481 543 08:00:00 09:00:00 08:00:00 09:00:00
39 62 835.000 0.502 305 300 08:00:00 10:00:00 09:00:00 12:00:00
18 94 478.000 0.618 410 390 09:00:00 10:00:00 12:00:00 13:00:00
92 40 836.000 0.674 439 373 12:30:00 14:00:00 13:30:00 14:30:00
96 37 396.000 0.238 416 507 11:00:00 12:00:00 13:00:00 14:00:00
73 9 791.000 0.520 547 531 10:30:00 12:00:00 11:30:00 12:30:00
15 91 468.000 0.517 411 483 10:30:00 12:30:00 12:30:00 14:30:00
30 41 528.000 0.549 386 443 14:00:00 15:30:00 15:00:00 17:00:00
6 10 972.000 0.944 342 532 12:00:00 14:00:00 13:00:00 16:00:00
19 89 352.000 0.265 557 465 11:00:00 12:30:00 12:00:00 15:00:00
51 89 748.000 0.428 490 319 09:00:00 10:30:00 10:00:00 12:00:00
93 94 200.000 0.106 549 373 10:30:00 12:00:00 11:30:00 13:30:00
87 26 365.000 0.182 432 522 11:00:00 13:00:00 13:00:00 14:00:00
48 9 320.000 0.363 536 423 11:30:00 13:30:00 12:30:00 13:30:00
47 40 49.000 0.052 362 568 08:30:00 10:00:00 09:30:00 11:30:00
88 41 767.000 0.869 590 321 14:00:00 16:00:00 16:00:00 17:00:00
64 50 621.000 0.345 433 466 10:00:00 11:00:00 12:00:00 14:00:00
2 61 917.000 0.608 538 578 08:30:00 09:30:00 10:30:00 11:30:00
71 100 116.000 0.100 565 532 13:00:00 14:30:00 16:00:00 17:00:00
49 94 959.000 1.205 571 458 12:00:00 13:30:00 13:00:00 14:00:00
21 13 205.000 0.226 397 336 13:30:00 15:00:00 16:30:00 17:30:00
25 16 474.000 0.313 478 436 11:00:00 13:00:00 11:00:00 12:00:00
22 17 224.000 0.271 386 470 12:00:00 14:00:00 13:00:00 14:00:00
77 63 947.000 1.403 353 504 12:30:00 14:30:00 13:30:00 16:30:00
12 16 388.000 0.280 537 404 08:30:00 09:30:00 09:30:00 11:30:00
95 32 366.000 0.460 584 565 09:30:00 11:00:00 10:30:00 13:30:00
90 3 412.000 0.600 307 407 11:00:00 12:00:00 13:00:00 15:00:00
13 32 678.000 0.372 306 301 13:30:00 14:30:00 14:30:00 17:30:00
12 9 91.000 0.060 597 525 09:00:00 10:00:00 12:00:00 14:00:00
95 81 356.000 0.238 534 383 10:30:00 12:00:00 11:30:00 12:30:00
1 42 661.000 0.511 323 589 13:00:00 15:00:00 15:00:00 17:00:00
40 4 138.000 0.192 363 577 10:30:00 11:30:00 11:30:00 13:30:00
15 100 999.000 0.602 398 317 13:00:00 14:30:00 14:00:00 16:00:00
49 7 185.000 0.249 426 567 11:00:00 12:30:00 14:00:00 15:00:00
6 31 921.000 1.239 558 359 11:00:00 12:30:00 11:00:00 12:00:00
67 34 506.000 0.394 590 311 12:00:00 13:30:00 12:00:00 13:00:00
44 49 227.000 0.286 557 563 13:00:00 15:00:00 14:00:00 16:00:00
87 11 650.000 0.545 313 562 14:00:00 16:00:00 15:00:00 18:00:00
76 73 877.000 0.781 529 555 13:00:00 14:00:00 14:00:00 15:00:00
36 77 841.000 0.461 429 490 09:30:00 11:00:00 11:30:00 14:30:00
46 4 995.000 0.583 434 552 13:00:00 14:00:00 15:00:00 16:00:00
56 5 379.000 0.338 533 360 12:00:00 14:00:00 14:00:00 15:00:00
90 8 936.000 1.261 419 583 13:30:00 15:30:00 14:30:00 15:30:00
27 41 728.000 0.880 366 465 11:00:00 12:00:00 13:00:00 15:00:00
51 54 954.000 0.695 309 543 13:00:00 14:00:00 15:00:00 16:00:00
64 89 569.000 0.286 560 368 09:00:00 10:30:00 09:00:00 11:00:00
86 2 486.000 0.544 446 513 10:00:00 12:00:00 11:00:00 12:00:00
28 89 462.000 0.367 552 543 14:00:00 15:00:00 16:00:00 19:00:00
85 26 954.000 1.233 410 497 09:30:00 10:30:00 10:30:00 12:30:00
57 31 232.000 0.124 301 471 09:30:00 11:00:00 10:30:00 13:30:00
70 25 387.000 0.570 402 452 10:00:00 12:00:00 12:00:00 14:00:00
9 100 138.000 0.189 528 512 11:30:00 13:30:00 14:30:00 15:30:00
41 88 689.000 0.398 459 359 08:00:00 09:30:00 09:00:00 11:00:00
39 92 861.000 0.668 360 594 10:00:00 11:30:00 13:00:00 15:00:00
40 28 729.000 0.507 504 568 11:00:00 12:00:00 13:00:00 15:00:00
92 49 647.000 0.539 559 527 12:00:00 14:00:00 14:00:00 16:00:00
53 36 461.000 0.531 371 595 09:00:00 10:30:00 10:00:00 12:00:00
76 64 613.000 0.597 449 330 11:00:00 12:00:00 13:00:00 14:00:00
28 46 1.000 0.001 490 472 13:00:00 14:00:00 14:00:00 17:00:00
74 62 909.000 1.105 500 539 12:00:00 13:00:00 13:00:00 16:00:00
90 73 694.000 0.804 399 578 12:00:00 13:00:00 13:00:00 15:00:00
68 78 855.000 0.816 392 302 14:00:00 15:00:00 16:00:00 19:00:00
49 84 445.000 0.615 475 470 08:00:00 09:30:00 10:00:00 12:00:00
95 73 68.000 0.043 391 589 11:30:00 12:30:00 12:30:00 13:30:00
13 35 678.000 0.729 417 590 12:00:00 13:00:00 13:00:00 16:00:00
85 44 815.000 0.867 400 398 14:00:00 15:30:00 15:00:00 17:00:00
99 52 865.000 1.018 523 560 10:30:00 11:30:00 12:30:00 14:30:00
20 56 298.000 0.366 465 400 12:30:00 14:30:00 14:30:00 16:30:00
45 60 851.000 0.814 405 310 10:00:00 11:30:00 11:00:00 13:00:00
33 67 388.000 0.439 564 501 08:30:00 09:30:00 09:30:00 10:30:00
54 95 228.000 0.202 354 402 11:30:00 13:00:00 14:30:00 17:30:00
38 34 313.000 0.426 520 401 09:30:00 11:30:00 09:30:00 11:30:00
42 64 649.000 0.929 367 453 13:30:00 14:30:00 13:30:00 16:30:00
76 67 730.000 0.717 508 302 08:30:00 10:30:00 08:30:00 11:30:00
56 45 445.000 0.322 578 501 08:30:00 10:30:00 09:30:00 12:30:00
29 60 590.000 0.454 449 512 10:00:00 12:00:00 12:00:00 15:00:00
15 6 45.000 0.054 575 584 11:30:00 12:30:00 13:30:00 14:30:00
60 24 416.000 0.248 522 358 13:30:00 14:30:00 14:30:00 16:30:00
6 96 388.000 0.249 441 539 11:00:00 12:30:00 13:00:00 15:00:00
53 97 683.000 0.868 485 329 11:30:00 13:00:00 11:30:00 12:30:00
100 16 523.000 0.388 312 407 11:30:00 13:30:00 11:30:00 12:30:00
91 10 459.000 0.654 427 368 13:00:00 15:00:00 15:00:00 17:00:00
8 56 397.000 0.327 441 549 11:00:00 12:00:00 12:00:00 14:00:00
12 23 870.000 0.659 311 500 12:00:00 13:30:00 14:00:00 16:00:00
9 23 41.000 0.037 337 312 13:30:00 14:30:00 14:30:00 16:30:00
61 6 426.000 0.251 430 581 14:00:00 16:00:00 16:00:00 19:00:00
85 48 656.000 0.571 302 500 11:00:00 12:00:00 12:00:00 13:00:00
2 24 816.000 0.742 453 302 13:30:00 15:30:00 14:30:00 17:30:00
45 36 265.000 0.348 427 584 10:30:00 12:30:00 11:30:00 12:30:00
39 56 416.000 0.516 456 409 09:30:00 10:30:00 10:30:00 12:30:00
80 44 732.000 0.916 351 596 08:00:00 09:30:00 08:00:00 11:00:00
92 2 414.000 0.530 551 469 10:30:00 12:30:00 12:30:00 13:30:00
56 36 659.000 0.856 361 580 09:00:00 10:00:00 10:00:00 12:00:00
57 94 374.000 0.438 331 552 14:00:00 16:00:00 15:00:00 18:00:00
37 1 367.000 0.254 346 464 13:00:00 14:00:00 14:00:00 15:00:00
34 23 483.000 0.284 542 404 09:00:00 10:00:00 10:00:00 13:00:00
6 13 673.000 0.892 555 325 10:00:00 12:00:00 12:00:00 13:00:00
69 15 414.000 0.537 426 465 13:30:00 14:30:00 14:30:00 15:30:00
89 17 839.000 1.257 515 399 09:00:00 10:30:00 10:00:00 12:00:00
44 17 29.000 0.034 390 424 13:00:00 14:30:00 14:00:00 16:00:00
82 83 490.000 0.296 303 449 14:00:00 15:30:00 15:00:00 17:00:00
18 46 168.000 0.129 438 386 08:30:00 10:00:00 09:30:00 12:30:00
29 56 397.000 0.484 541 513 13:30:00 15:00:00 14:30:00 15:30:00
25 87 987.000 0.854 597 568 08:30:00 09:30:00 09:30:00 10:30:00
64 80 16.000 0.014 443 407 12:30:00 13:30:00 13:30:00 15:30:00
58 70 537.000 0.514 400 322 11:30:00 13:30:00 12:30:00 13:30:00
59 100 428.000 0.467 321 540 11:30:00 13:30:00 14:30:00 17:30:00
47 22 829.000 0.492 318 302 13:30:00 15:00:00 14:30:00 16:30:00
86 4 673.000 0.859 485 411 09:00:00 10:00:00 09:00:00 10:00:00
44 1 151.000 0.206 409 534 09:00:00 10:30:00 09:00:00 12:00:00
86 94 254.000 0.362 321 348 10:00:00 12:00:00 13:00:00 15:00:00
24 17 724.000 0.568 503 512 14:00:00 15:30:00 16:00:00 17:00:00
67 5 585.000 0.515 565 472 11:00:00 12:00:00 13:00:00 14:00:00
46 94 622.000 0.835 365 549 09:30:00 11:00:00 10:30:00 13:30:00
97 94 704.000 1.033 483 560 13:30:00 14:30:00 15:30:00 18:30:00
25 62 726.000 0.508 467 372 13:00:00 14:00:00 13:00:00 16:00:00
59 80 470.000 0.275 375 324 12:00:00 13:00:00 13:00:00 15:00:00
72 41 502.000 0.369 325 473 09:00:00 10:30:00 10:00:00 12:00:00
44 39 185.000 0.270 339 494 13:00:00 14:00:00 16:00:00 19:00:00
38 91 972.000 0.512 497 560 08:00:00 10:00:00 09:00:00 10:00:00
41 91 107.000 0.098 398 323 12:00:00 13:00:00 14:00:00 15:00:00
96 47 579.000 0.726 401 323 11:00:00 13:00:00 12:00:00 14:00:00
79 13 919.000 0.902 484 314 12:30:00 13:30:00 14:30:00 16:30:00
31 2 827.000 1.151 366 424 08:00:00 09:00:00 09:00:00 10:00:00
89 85 422.000 0.530 335 368 09:00:00 10:00:00 11:00:00 12:00:00
36 16 563.000 0.481 402 334 09:30:00 10:30:00 10:30:00 11:30:00
93 85 882.000 1.277 340 424 11:30:00 13:00:00 11:30:00 14:30:00
97 21 902.000 0.861 579 478 10:30:00 11:30:00 11:30:00 14:30:00
67 69 986.000 1.010 564 387 10:00:00 12:00:00 13:00:00 16:00:00
23 43 188.000 0.271 397 488 10:00:00 11:30:00 11:00:00 14:00:00
49 32 551.000 0.604 559 309 09:30:00 11:00:00 11:30:00 14:30:00
22 90 226.000 0.280 509 369 12:00:00 13:00:00 14:00:00 15:00:00
14 55 686.000 0.377 593 549 09:00:00 11:00:00 11:00:00 14:00:00
28 73 708.000 0.705 542 572 10:00:00 12:00:00 12:00:00 15:00:00
84 28 574.000 0.692 344 458 08:30:00 10:30:00 10:30:00 12:30:00
53 84 225.000 0.334 363 431 12:30:00 13:30:00 15:30:00 18:30:00
97 29 252.000 0.141 410 580 11:00:00 12:00:00 12:00:00 13:00:00
53 10 727.000 0.559 334 563 11:30:00 12:30:00 12:30:00 13:30:00
18 66 12.000 0.015 308 462 12:30:00 14:30:00 14:30:00 15:30:00
71 56 712.000 0.513 480 537 10:30:00 12:30:00 12:30:00 15:30:00
93 83 50.000 0.030 494 524 12:30:00 14:30:00 14:30:00 15:30:00
57 94 892.000 0.466 505 587 10:30:00 11:30:00 10:30:00 11:30:00
21 98 130.000 0.192 389 559 14:00:00 15:30:00 14:00:00 17:00:00
9 18 664.000 0.479 518 483 08:00:00 09:00:00 09:00:00 12:00:00
65 48 804.000 1.064 426 563 10:30:00 11:30:00 10:30:00 11:30:00
31 50 376.000 0.348 393 391 11:00:00 12:00:00 12:00:00 14:00:00
89 55 364.000 0.534 336 461 13:00:00 15:00:00 13:00:00 15:00:00
51 5 641.000 0.944 553 465 11:00:00 13:00:00 12:00:00 15:00:00
97 47 881.000 1.142 584 493 12:00:00 13:00:00 13:00:00 15:00:00
57 80 297.000 0.381 429 356 12:30:00 14:30:00 13:30:00 14:30:00
95 44 307.000 0.317 579 590 10:30:00 11:30:00 10:30:00 13:30:00
74 18 979.000 0.688 381 523 13:00:00 14:30:00 15:00:00 17:00:00
32 87 362.000 0.325 453 509 08:30:00 10:30:00 09:30:00 12:30:00
34 7 397.000 0.511 435 573 11:30:00 13:00:00 12:30:00 13:30:00
53 27 332.000 0.355 408 331 13:30:00 15:30:00 14:30:00 16:30:00
43 46 331.000 0.484 347 470 09:30:00 11:00:00 09:30:00 10:30:00
6 40 366.000 0.374 344 402 08:00:00 10:00:00 09:00:00 10:00:00
32 89 345.000 0.324 335 301 13:00:00 14:00:00 14:00:00 16:00:00
35 42 766.000 0.656 433 586 11:30:00 13:30:00 12:30:00 13:30:00
6 31 132.000 0.173 505 597 11:00:00 13:00:00 11:00:00 14:00:00
34 19 704.000 0.853 460 535 10:30:00 11:30:00 11:30:00 13:30:00
46 91 146.000 0.127 313 536 13:00:00 14:00:00 13:00:00 16:00:00
57 2 480.000 0.477 554 426 12:00:00 13:00:00 14:00:00 15:00:00
16 88 91.000 0.063 469 333 11:30:00 12:30:00 12:30:00 14:30:00
37 61 231.000 0.257 409 368 13:00:00 14:00:00 14:00:00 17:00:00
3 92 407.000 0.531 479 473 08:00:00 09:00:00 10:00:00 12:00:00
19 50 713.000 0.817 418 438 11:30:00 13:30:00 13:30:00 16:30:00
90 54 545.000 0.362 503 570 11:00:00 12:30:00 12:00:00 13:00:00
25 57 389.000 0.337 596 558 13:00:00 14:00:00 13:00:00 15:00:00
77 10 92.000 0.123 321 387 14:00:00 16:00:00 15:00:00 17:00:00
